date,open,high,low,close,volume,average,barCount
2020-07-13,34.71,35.23,34.45,34.67,539989.0,34.817,4217
2020-07-14,34.98,35.65,34.54,35.52,494360.0,35.281,3473
2020-07-15,36.36,36.7,35.65,36.05,480125.0,36.007,3785
2020-07-16,35.83,36.77,35.57,36.24,271312.0,36.214,2100
2020-07-17,36.3,36.42,35.95,36.17,521808.0,36.24,3299
2020-07-20,35.91,36.01,35.24,35.44,464811.0,35.598,3328
2020-07-21,35.7,36.83,35.53,36.45,569854.0,36.301,3507
2020-07-22,36.06,36.73,35.83,36.67,381353.0,36.442,2953
2020-07-23,36.63,37.27,36.57,37.06,328816.0,37.0,2504
2020-07-24,37.29,37.54,36.77,36.87,435170.0,37.044,2994
2020-07-27,36.67,36.67,35.94,36.28,258992.0,36.29,1822
2020-07-28,36.13,36.63,36.04,36.38,444137.0,36.34,3273
2020-07-29,36.4,37.47,36.4,37.37,281565.0,37.004,2289
2020-07-30,36.35,36.9,35.8,36.53,374437.0,36.415,2933
2020-07-31,36.51,36.58,35.75,36.41,320528.0,36.135,2397
2020-08-03,33.98,36.05,33.7,35.6,1106856.0,35.419,7622
2020-08-04,35.5,35.79,35.1,35.38,602796.0,35.402,4158
2020-08-05,36.03,36.88,35.81,36.48,460296.0,36.566,3429
2020-08-06,36.25,37.18,36.25,36.51,328581.0,36.642,2587
2020-08-07,36.38,37.79,36.37,37.76,377287.0,37.191,2741
2020-08-10,37.96,38.8,37.86,38.6,506138.0,38.512,3373
2020-08-11,39.58,40.18,38.58,38.61,684975.0,38.958,4755
2020-08-12,39.4,39.44,38.01,38.14,477034.0,38.554,3356
2020-08-13,37.58,38.33,37.29,37.86,283875.0,37.885,2188
2020-08-14,37.49,38.06,37.32,37.61,359290.0,37.698,2843
2020-08-17,37.61,37.73,36.75,36.8,370198.0,37.034,2588
2020-08-18,36.86,37.49,36.23,36.37,919501.0,36.759,5282
2020-08-19,36.57,36.94,36.02,36.21,503081.0,36.353,3426
2020-08-20,35.75,36.25,35.6,35.61,376710.0,35.812,2853
2020-08-21,35.64,35.97,35.16,35.32,513368.0,35.398,3414
2020-08-24,35.45,36.61,35.45,36.61,709524.0,36.203,4938
2020-08-25,37.07,37.14,36.19,36.48,384584.0,36.528,2693
2020-08-26,36.32,36.46,35.63,35.9,478764.0,36.028,3512
2020-08-27,36.09,37.05,35.93,36.78,375206.0,36.803,2702
2020-08-28,37.0,37.0,36.08,36.92,347913.0,36.719,2741
2020-08-31,36.71,36.78,35.84,35.86,510273.0,36.08,4040
2020-09-01,35.58,36.64,35.31,36.17,554232.0,36.231,4200
2020-09-02,36.01,36.78,35.86,36.6,892011.0,36.43,5819
2020-09-03,36.86,37.9,36.34,36.62,629159.0,37.017,4928
2020-09-04,37.25,37.57,36.57,36.87,505875.0,37.025,3718
2020-09-08,36.44,36.53,35.25,35.63,636889.0,35.743,5127
2020-09-09,36.03,36.35,35.61,35.81,551813.0,36.064,4335
2020-09-10,36.19,36.44,35.13,35.16,528625.0,35.707,4242
2020-09-11,34.97,35.6,34.67,35.27,613065.0,35.265,4928
2020-09-14,35.56,36.47,35.33,36.1,533163.0,36.096,4240
2020-09-15,36.17,36.57,35.35,35.39,693963.0,35.863,5617
2020-09-16,35.65,37.5,35.44,37.07,1839265.0,36.235,3543
2020-09-17,36.61,37.25,36.4,36.99,411840.0,36.964,3150
2020-09-18,36.83,37.28,36.62,36.69,687667.0,36.899,4148
2020-09-21,35.73,35.92,34.13,34.82,759259.0,34.718,5721
2020-09-22,34.62,35.31,34.38,34.72,458825.0,34.699,3461
2020-09-23,34.77,35.15,33.51,33.54,442280.0,34.087,3559
2020-09-24,33.53,34.18,32.83,33.54,479927.0,33.503,3749
2020-09-25,33.12,33.79,32.9,33.68,378801.0,33.371,2821
2020-09-28,34.46,35.19,34.12,34.73,410829.0,34.868,3062
2020-09-29,34.46,34.7,33.83,34.2,372360.0,34.234,3013
2020-09-30,34.49,35.06,34.33,34.75,509812.0,34.726,4007
2020-10-01,34.91,35.12,34.37,34.86,518018.0,34.765,3789
2020-10-02,34.27,35.8,34.0,35.5,345097.0,35.276,2474
2020-10-05,36.09,36.45,35.54,36.15,267194.0,36.104,1444
2020-10-06,36.55,36.59,35.48,35.5,378919.0,35.891,2875
2020-10-07,35.78,36.26,35.73,36.1,267881.0,36.027,1891
2020-10-08,36.48,37.06,36.32,36.99,239669.0,36.796,1698
2020-10-09,37.31,37.44,36.67,36.98,268053.0,37.008,1904
2020-10-12,36.86,37.49,36.77,37.36,270350.0,37.274,1803
2020-10-13,36.95,37.26,35.77,35.88,397516.0,36.263,2885
2020-10-14,35.77,36.28,35.32,35.35,299704.0,35.621,2139
2020-10-15,34.8,35.68,34.72,35.64,212195.0,35.436,1563
2020-10-16,35.65,36.21,35.29,35.74,210857.0,35.771,1094
2020-10-19,35.68,35.98,34.89,34.94,226687.0,35.236,1608
2020-10-20,35.32,35.94,35.17,35.24,418811.0,35.536,2919
2020-10-21,35.24,35.87,35.12,35.6,409379.0,35.551,2602
2020-10-22,35.46,36.14,35.33,35.93,353126.0,35.885,2761
2020-10-23,36.26,36.56,35.97,36.23,285221.0,36.274,2086
2020-10-26,35.72,35.75,34.89,35.13,404437.0,35.082,2896
2020-10-27,34.96,35.18,34.15,34.15,468214.0,34.572,3329
2020-10-28,33.19,33.9,33.11,33.26,595327.0,33.431,4617
2020-10-29,33.05,34.55,32.75,34.22,516088.0,34.016,3969
2020-10-30,34.17,34.88,34.07,34.68,501694.0,34.527,3719
2020-11-02,36.14,37.57,35.39,37.33,767458.0,36.988,5316
2020-11-03,38.03,38.26,37.56,37.89,515568.0,38.01,3243
2020-11-04,36.81,37.8,36.25,36.41,661320.0,37.045,4315
2020-11-05,36.6,38.2,36.6,37.89,583582.0,37.877,3395
2020-11-06,38.03,38.59,37.64,37.69,459678.0,37.997,2970
2020-11-09,41.38,43.46,41.03,42.55,713092.0,42.599,4975
2020-11-10,42.97,43.43,42.21,42.36,713935.0,42.588,5482
2020-11-11,42.58,42.59,41.05,41.35,505652.0,41.441,3051
2020-11-12,41.04,41.6,40.58,41.05,486422.0,40.973,3268
2020-11-13,41.64,42.47,41.27,42.3,353882.0,41.868,1883
2020-11-16,43.82,43.82,42.69,43.63,372080.0,43.252,2525
2020-11-17,43.01,43.81,42.58,43.67,374445.0,43.459,2892
2020-11-18,43.78,44.12,43.07,43.07,276484.0,43.587,2084
2020-11-19,42.66,42.94,41.87,42.82,519043.0,42.576,3843
2020-11-20,42.69,43.29,42.28,42.41,473795.0,42.518,3053
2020-11-23,43.03,43.6,42.86,43.53,547681.0,43.316,3927
2020-11-24,44.45,45.0,44.21,44.89,735654.0,44.705,5067
2020-11-25,44.55,44.6,43.54,44.37,347919.0,44.27,2555
2020-11-27,44.27,44.38,43.32,43.41,276251.0,43.696,2135
2020-11-30,43.11,43.59,41.74,41.91,915474.0,42.366,5609
2020-12-01,42.96,43.41,42.5,42.56,628204.0,42.801,4218
2020-12-02,42.31,42.7,41.92,42.57,588306.0,42.283,3921
2020-12-03,42.51,43.19,42.35,42.62,471601.0,42.869,3148
2020-12-04,42.79,43.61,42.67,43.35,473460.0,43.292,2952
2020-12-07,42.71,43.31,42.66,42.76,358220.0,42.872,2276
2020-12-08,42.21,43.5,42.17,43.37,529453.0,43.226,3145
2020-12-09,43.42,43.59,42.98,43.16,386454.0,43.214,2650
2020-12-10,42.8,43.77,42.57,43.66,593963.0,43.504,3552
2020-12-11,43.05,43.91,42.98,43.66,495908.0,43.61,3041
2020-12-14,44.35,44.36,42.86,42.87,629199.0,43.358,4000
2020-12-15,43.25,44.53,43.23,44.33,716410.0,44.064,4792
2020-12-16,44.41,44.61,44.08,44.36,488808.0,44.411,3107
2020-12-17,44.55,44.74,44.0,44.41,662198.0,44.379,4326
2020-12-18,44.39,44.63,43.4,43.8,1058381.0,43.898,5519
2020-12-21,43.67,44.02,42.91,43.77,597504.0,43.617,3606
2020-12-22,43.59,43.98,43.03,43.05,378836.0,43.439,2259
2020-12-23,43.49,44.39,43.49,44.1,629325.0,44.185,3457
2020-12-24,44.11,44.24,43.74,44.0,210565.0,43.988,1220
2020-12-28,44.3,44.93,44.2,44.42,353292.0,44.514,2128
2020-12-29,44.63,44.94,43.98,44.06,347655.0,44.296,2360
2020-12-30,44.05,44.74,43.93,44.42,359681.0,44.41,2189
2020-12-31,44.29,45.12,44.27,45.02,295040.0,44.753,2145
2021-01-04,45.04,45.37,44.16,44.4,563992.0,44.521,3718
2021-01-05,44.55,45.29,44.5,44.72,523652.0,44.867,3152
2021-01-06,45.64,47.11,45.6,46.87,652077.0,46.67,4364
2021-01-07,47.17,47.17,46.3,46.75,431617.0,46.79,2466
2021-01-08,46.93,46.93,45.94,46.58,345454.0,46.507,2059
2021-01-11,46.02,46.72,45.75,46.55,392101.0,46.524,2385
2021-01-12,46.76,47.06,46.36,46.92,409466.0,46.813,2647
2021-01-13,46.76,47.44,46.38,47.14,305455.0,46.971,1904
2021-01-14,47.49,47.64,47.09,47.4,212674.0,47.418,1511
2021-01-15,46.84,47.56,46.32,47.19,318605.0,47.003,1515
2021-01-19,47.49,47.91,47.17,47.56,233321.0,47.685,1724
2021-01-20,47.5,47.78,46.98,47.35,226661.0,47.248,1610
2021-01-21,47.2,47.48,46.51,46.53,312560.0,46.784,1897
2021-01-22,45.95,46.6,45.79,46.49,341151.0,46.306,1947
2021-01-25,45.9,46.74,45.66,46.73,400270.0,46.46,2444
2021-01-26,46.89,47.24,46.12,46.22,335541.0,46.615,2052
2021-01-27,45.52,46.36,45.21,45.35,477877.0,45.735,3166
2021-01-28,45.93,46.71,45.83,46.04,385200.0,46.306,2654
2021-01-29,45.75,46.43,45.11,45.29,579963.0,45.607,4065
2021-02-01,45.63,46.16,45.16,45.88,413697.0,45.801,2857
2021-02-02,46.23,46.49,45.62,46.17,409656.0,46.273,2324
2021-02-03,45.98,47.07,45.96,46.9,360417.0,46.765,2331
2021-02-04,47.09,47.9,47.01,47.81,400314.0,47.586,3037
2021-02-05,48.32,48.46,47.78,47.8,551227.0,48.054,3998
2021-02-08,48.59,48.85,47.22,48.42,469038.0,48.283,3186
2021-02-09,48.19,48.51,48.09,48.1,304969.0,48.257,1933
2021-02-10,48.26,48.3,47.65,47.99,309697.0,48.068,2273
2021-02-11,47.99,48.36,47.58,48.22,242052.0,47.971,1874
2021-02-12,48.1,48.63,48.05,48.62,378407.0,48.35,2280
2021-02-16,49.08,49.3,48.59,48.77,456324.0,48.984,3586
2021-02-17,48.76,48.77,47.84,48.52,541205.0,48.233,4048
2021-02-18,48.28,48.28,47.28,47.36,560313.0,47.557,4161
2021-02-19,47.72,48.28,47.53,48.06,461097.0,47.98,2505
2021-02-22,47.99,49.49,47.9,49.48,1252222.0,48.981,3814
2021-02-23,49.85,50.7,49.31,50.45,1020935.0,50.189,6416
2021-02-24,50.43,50.81,50.22,50.38,524886.0,50.517,4088
2021-02-25,50.85,50.85,48.62,48.73,691958.0,49.405,4429
2021-02-26,48.53,48.65,47.6,47.81,623711.0,48.016,4552
2021-03-01,48.62,49.95,48.6,49.52,625272.0,49.564,3276
2021-03-02,49.48,49.85,49.25,49.38,370027.0,49.547,2910
2021-03-03,49.29,50.5,49.15,49.59,338132.0,49.883,2552
2021-03-04,49.44,49.61,48.16,48.96,418006.0,48.954,3196
2021-03-05,49.64,50.38,49.19,50.05,543424.0,49.759,3731
2021-03-08,50.37,51.16,49.95,50.2,998929.0,50.626,6673
2021-03-09,49.7,50.37,48.61,49.17,529099.0,49.548,3910
2021-03-10,49.1,50.66,48.92,50.5,516154.0,50.141,3570
2021-03-11,50.07,50.58,49.59,50.21,377867.0,50.185,2889
2021-03-12,50.9,51.61,50.27,51.57,777637.0,51.236,5068
2021-03-15,51.51,52.06,51.18,52.03,710388.0,51.72,5264
2021-03-16,51.6,51.6,50.35,51.38,1598717.0,50.685,3322
2021-03-17,51.75,52.17,51.45,52.12,768094.0,51.878,5261
2021-03-18,52.36,53.29,52.0,52.86,791454.0,52.775,5786
2021-03-19,52.57,52.97,51.9,52.4,864692.0,52.587,5380
2021-03-22,52.06,52.12,51.12,51.7,2399085.0,51.642,4001
2021-03-23,51.37,51.92,50.81,51.02,492992.0,51.241,3603
2021-03-24,51.23,51.73,50.87,50.9,330757.0,51.326,2722
2021-03-25,51.06,52.17,50.4,52.0,293392.0,51.412,2411
2021-03-26,52.4,52.72,51.87,52.66,227225.0,52.256,1753
2021-03-29,51.93,52.54,51.61,52.14,205746.0,52.085,1568
2021-03-30,52.38,52.82,52.1,52.67,239683.0,52.565,1924
2021-03-31,52.42,52.6,51.23,51.28,431234.0,51.704,3121
2021-04-01,51.06,52.26,50.8,52.25,549669.0,51.78,3486
2021-04-05,52.66,52.9,52.29,52.74,398850.0,52.671,2777
2021-04-06,52.82,53.36,52.57,53.06,302825.0,52.952,2136
2021-04-07,53.05,53.43,52.72,53.35,304961.0,53.189,2129
2021-04-08,52.68,53.09,52.62,53.01,283857.0,52.941,2063
2021-04-09,53.53,53.65,52.98,53.61,494687.0,53.385,2460
2021-04-12,53.65,54.2,53.61,54.18,484346.0,53.988,1829
2021-04-13,53.87,53.93,53.18,53.49,294685.0,53.573,2136
2021-04-14,53.42,54.33,53.42,54.02,218325.0,54.098,1527
2021-04-15,54.04,54.16,53.68,54.03,185436.0,53.978,1266
2021-04-16,54.43,54.58,54.06,54.37,226868.0,54.388,1127
2021-04-19,54.5,54.54,53.96,54.26,181727.0,54.17,1259
2021-04-20,53.94,54.13,53.53,53.93,238471.0,53.836,1724
2021-04-21,53.77,54.84,53.77,54.81,169212.0,54.636,1036
2021-04-22,54.57,54.8,54.22,54.28,210411.0,54.493,1645
2021-04-23,54.4,55.4,54.26,55.21,253643.0,55.123,1319
2021-04-26,55.32,55.86,55.19,55.23,545273.0,55.437,2209
2021-04-27,55.02,55.65,54.87,55.56,348711.0,55.318,1813
2021-04-28,55.85,55.85,55.18,55.39,157929.0,55.38,1235
2021-04-29,55.7,56.2,55.62,56.15,425383.0,55.944,1843
2021-04-30,56.14,56.45,55.64,55.75,336502.0,55.904,1965
2021-05-03,55.59,57.44,55.22,57.04,525886.0,56.929,2754
2021-05-04,56.8,57.57,56.6,57.48,665649.0,57.102,3269
2021-05-05,57.41,57.54,56.91,57.28,615192.0,57.209,3631
2021-05-06,57.6,58.2,56.98,58.18,867923.0,57.651,4900
2021-05-07,57.41,58.49,57.3,58.44,371305.0,58.152,2380
2021-05-10,58.6,59.39,58.4,58.43,661227.0,58.883,3312
2021-05-11,58.18,58.46,57.43,57.71,384039.0,57.819,2927
2021-05-12,58.13,58.13,56.56,56.66,413496.0,57.135,3122
2021-05-13,56.34,58.52,56.26,58.15,370557.0,57.97,2575
2021-05-14,58.3,59.22,58.18,58.93,249867.0,58.899,1672
2021-05-17,58.66,58.81,58.11,58.45,445260.0,58.385,3068
2021-05-18,58.31,58.82,58.11,58.14,423270.0,58.446,2920
2021-05-19,57.69,58.21,56.95,58.21,329090.0,57.752,2355
2021-05-20,58.19,58.19,57.19,57.76,713838.0,57.74,4682
2021-05-21,58.07,58.1,57.41,57.74,647234.0,57.812,4551
2021-05-24,58.08,58.8,58.0,58.58,338106.0,58.515,2423
2021-05-25,58.48,58.89,57.33,57.36,462830.0,57.965,3227
2021-05-26,57.8,58.0,57.24,57.53,613520.0,57.673,4029
2021-05-27,58.04,58.28,57.47,58.18,825464.0,58.006,5378
2021-05-28,58.45,58.55,57.61,58.38,364673.0,58.201,2500
2021-06-01,58.84,59.23,58.35,58.5,346021.0,58.592,2563
2021-06-02,58.73,58.73,58.0,58.29,462162.0,58.26,3535
2021-06-03,58.02,58.56,57.8,58.19,356346.0,58.187,2492
2021-06-04,58.27,58.32,57.67,58.06,500760.0,58.001,3491
2021-06-07,58.16,58.16,57.22,57.31,314910.0,57.461,2321
2021-06-08,56.93,57.57,56.62,57.35,436192.0,57.311,2550
2021-06-09,57.03,57.03,56.44,56.45,442349.0,56.694,2884
2021-06-10,56.94,57.04,55.84,55.92,336638.0,56.256,2452
2021-06-11,56.11,56.6,56.11,56.25,415330.0,56.343,2701
2021-06-14,56.04,56.34,55.42,55.82,419264.0,55.774,3104
2021-06-15,55.85,56.95,55.71,56.51,555241.0,56.286,3844
2021-06-16,56.23,56.58,55.94,56.13,444798.0,56.254,3116
2021-06-17,56.4,56.59,54.24,54.46,671479.0,54.88,4516
2021-06-18,53.45,53.9,52.93,53.01,1143667.0,53.34,6436
2021-06-21,53.57,54.62,53.35,54.56,467406.0,54.231,3197
2021-06-22,54.54,54.76,53.94,54.42,448009.0,54.492,2819
2021-06-23,54.44,54.85,54.2,54.23,445312.0,54.537,2880
2021-06-24,54.56,55.32,54.35,55.12,317211.0,54.982,1992
2021-06-25,55.3,55.81,55.01,55.62,440658.0,55.569,2615
2021-06-28,55.36,55.36,54.39,54.51,703728.0,54.639,4198
2021-06-29,54.8,55.05,54.23,54.41,370690.0,54.594,2252
2021-06-30,54.13,54.71,54.13,54.65,432532.0,54.521,2760
2021-07-01,55.09,55.48,54.72,55.2,400679.0,55.244,2590
2021-07-02,55.25,55.25,54.89,54.99,339445.0,55.057,2278
2021-07-06,54.63,54.67,53.6,53.91,752281.0,53.944,4567
2021-07-07,53.51,54.36,53.5,54.1,461391.0,54.114,3271
2021-07-08,53.24,53.61,52.57,52.88,588943.0,53.067,3887
2021-07-09,53.58,54.81,53.58,54.71,746272.0,54.454,4916
2021-07-12,54.24,55.23,54.09,55.05,428468.0,55.005,2721
2021-07-13,55.0,55.12,54.24,54.26,517543.0,54.544,3665
2021-07-14,54.38,55.13,54.15,54.4,405280.0,54.486,2660
2021-07-15,53.69,55.09,53.69,54.59,689666.0,54.636,4671
2021-07-16,54.8,54.84,53.91,54.02,656469.0,54.231,3830
2021-07-19,52.87,53.09,51.5,51.76,706082.0,52.089,5028
2021-07-20,51.7,53.98,51.69,53.33,753785.0,53.383,5439
2021-07-21,53.94,54.73,53.88,54.11,642262.0,54.287,4353
2021-07-22,53.9,54.05,53.43,53.52,503422.0,53.682,3273
2021-07-23,53.68,54.28,53.36,53.57,366942.0,53.571,2666
2021-07-26,53.55,54.27,53.55,53.97,200298.0,53.877,1419
2021-07-27,53.38,54.31,53.36,53.75,354695.0,53.818,2760
2021-07-28,54.13,54.13,52.75,53.25,331695.0,53.33,2502
2021-07-29,53.84,54.03,53.28,53.86,254167.0,53.819,1822
2021-07-30,53.66,54.1,53.37,53.63,259827.0,53.641,2058
2021-08-02,53.69,54.6,53.42,53.65,563020.0,53.846,3105
2021-08-03,53.94,54.07,52.78,53.58,1463638.0,53.568,7727
2021-08-04,53.21,53.67,52.84,53.01,898890.0,53.215,5331
2021-08-05,53.43,54.22,53.17,54.02,591582.0,53.714,3485
2021-08-06,54.68,55.2,54.44,54.93,457685.0,54.9,3105
2021-08-09,54.8,55.53,54.61,55.1,389259.0,55.165,2454
2021-08-10,55.04,55.91,54.85,55.59,380490.0,55.537,2735
2021-08-11,55.71,56.19,55.23,56.18,274436.0,55.947,2091
2021-08-12,56.27,56.33,55.76,56.15,290016.0,56.071,2182
2021-08-13,56.35,56.49,55.62,55.64,211055.0,55.742,1547
2021-08-16,55.23,55.77,54.93,55.45,350796.0,55.375,2510
2021-08-17,54.95,55.62,54.95,55.38,328274.0,55.286,2421
2021-08-18,55.17,55.48,54.64,54.7,296353.0,55.051,2053
2021-08-19,54.05,54.99,54.05,54.65,528472.0,54.612,2760
2021-08-20,54.65,55.25,54.64,55.02,359053.0,54.998,2272
2021-08-23,55.46,55.81,55.39,55.47,261926.0,55.592,2030
2021-08-24,55.7,55.82,55.42,55.58,183666.0,55.603,1407
2021-08-25,55.67,56.55,55.49,56.26,361609.0,56.309,2449
2021-08-26,56.27,56.31,55.57,55.6,470525.0,55.826,2738
2021-08-27,55.76,56.59,55.57,56.53,334035.0,56.407,2502
2021-08-30,56.65,56.66,55.79,55.83,411587.0,56.084,2894
2021-08-31,55.72,56.24,55.72,55.87,824067.0,55.982,4911
2021-09-01,55.97,55.97,55.3,55.66,466850.0,55.666,3333
2021-09-02,55.65,55.93,55.35,55.47,345465.0,55.568,2135
2021-09-03,55.36,55.36,54.45,54.76,515726.0,54.807,3561
2021-09-07,54.76,55.31,54.49,54.92,735885.0,54.997,5050
2021-09-08,55.0,55.53,54.71,55.23,402335.0,55.27,2863
2021-09-09,54.84,55.52,54.55,54.58,573200.0,54.946,4174
2021-09-10,54.94,54.94,53.42,53.49,618084.0,53.859,4273
2021-09-13,53.95,54.36,53.57,54.05,538114.0,53.948,3812
2021-09-14,54.23,54.23,53.03,53.18,544739.0,53.278,3928
2021-09-15,53.16,54.05,53.02,53.97,569905.0,53.76,4350
2021-09-16,54.09,54.23,53.53,53.65,419370.0,53.809,3136
2021-09-17,53.52,54.15,53.0,53.08,1135917.0,53.274,6768
2021-09-20,52.07,52.44,51.35,52.26,738573.0,51.878,4545
2021-09-21,52.6,52.91,51.7,51.7,493170.0,52.027,3613
2021-09-22,52.39,52.82,52.32,52.37,384944.0,52.604,2768
2021-09-23,52.71,53.54,52.61,52.94,342004.0,53.246,2331
2021-09-24,52.99,53.43,52.95,52.96,350011.0,53.141,2573
2021-09-27,53.49,54.31,53.49,53.92,311348.0,54.045,2319
2021-09-28,54.11,54.52,53.3,53.38,379091.0,53.63,2959
2021-09-29,53.44,54.59,53.39,54.34,450854.0,54.268,3322
2021-09-30,54.58,54.99,53.91,53.93,607324.0,54.321,3760
2021-10-01,54.27,55.64,54.07,55.27,429964.0,55.015,3422
2021-10-04,55.36,56.09,54.88,55.03,420922.0,55.206,3007
2021-10-05,55.3,56.49,54.99,56.28,402742.0,56.133,2986
2021-10-06,55.57,56.6,54.99,56.58,393658.0,55.992,2807
2021-10-07,57.1,57.43,56.85,56.93,223173.0,57.122,1716
2021-10-08,56.88,57.45,56.7,57.42,215624.0,57.32,1572
2021-10-11,57.65,58.15,56.74,56.79,353782.0,57.21,2784
2021-10-12,56.74,57.3,56.65,56.89,260724.0,57.01,1933
2021-10-13,56.78,56.78,55.47,56.16,245389.0,56.101,1735
2021-10-14,56.72,57.12,56.36,57.09,185233.0,56.86,1409
2021-10-15,57.73,57.94,57.35,57.62,214007.0,57.651,1511
2021-10-18,57.23,57.49,56.88,57.07,165565.0,57.094,1233
2021-10-19,57.55,57.57,57.21,57.47,214657.0,57.384,1317
2021-10-20,57.3,58.11,57.22,58.08,212314.0,57.898,1620
2021-10-21,57.73,58.1,57.09,57.5,205798.0,57.431,1489
2021-10-22,57.76,57.95,57.23,57.56,160030.0,57.594,1202
2021-10-25,57.67,57.77,57.1,57.66,171172.0,57.514,1264
2021-10-26,57.74,57.78,57.29,57.31,130982.0,57.502,974
2021-10-27,57.0,57.22,55.56,55.59,276156.0,56.174,1979
2021-10-28,55.76,56.42,55.72,56.41,238404.0,56.155,1853
2021-10-29,56.44,56.72,55.86,56.07,219198.0,56.163,1633
2021-11-01,56.42,57.56,55.97,57.1,518540.0,56.984,3035
2021-11-02,57.17,57.72,56.75,57.39,570935.0,57.253,3719
2021-11-03,57.17,58.03,57.17,57.39,419660.0,57.578,2609
2021-11-04,57.23,57.23,56.23,56.66,458487.0,56.677,2737
2021-11-05,57.49,57.84,56.88,57.22,417107.0,57.29,2416
2021-11-08,57.73,59.19,57.7,58.02,687682.0,58.359,3602
2021-11-09,57.6,58.13,57.36,57.66,339022.0,57.686,2106
2021-11-10,57.78,58.07,56.8,57.22,521318.0,57.172,3122
2021-11-11,57.13,57.73,56.98,57.56,377046.0,57.449,1870
2021-11-12,57.54,57.54,56.53,57.04,342643.0,57.015,2030
2021-11-15,57.28,57.28,56.11,56.23,343804.0,56.546,2135
2021-11-16,56.44,56.89,56.18,56.48,472845.0,56.514,2723
2021-11-17,56.62,57.4,56.43,57.17,462122.0,57.001,2671
2021-11-18,57.12,57.62,56.27,56.69,446426.0,56.874,2723
2021-11-19,56.17,56.26,54.82,55.63,615050.0,55.671,3634
2021-11-22,55.61,57.26,55.6,56.7,537430.0,56.906,3200
2021-11-23,57.06,57.75,56.93,57.4,450696.0,57.434,2259
2021-11-24,57.26,57.39,56.7,56.85,418498.0,57.066,2299
2021-11-26,54.86,55.63,54.25,55.07,418708.0,54.961,2354
2021-11-29,55.58,55.68,54.62,55.11,497362.0,55.222,3287
2021-11-30,54.43,55.02,53.25,53.46,750611.0,54.113,4998
2021-12-01,54.43,55.22,53.39,53.43,625660.0,54.41,4288
2021-12-02,53.92,55.6,53.59,55.07,538788.0,55.04,3437
2021-12-03,55.1,55.57,54.57,54.87,573386.0,55.066,3983
2021-12-06,55.94,56.81,55.88,56.22,357768.0,56.413,2232
2021-12-07,56.5,57.12,56.38,56.85,397266.0,56.911,2345
2021-12-08,56.9,57.25,56.63,56.79,383391.0,56.91,2524
2021-12-09,56.4,57.15,56.21,56.64,442725.0,56.743,2691
2021-12-10,57.06,57.18,56.7,57.1,344527.0,56.937,2370
2021-12-13,56.85,57.14,56.0,56.77,383906.0,56.821,2521
2021-12-14,56.84,57.56,56.62,56.71,505067.0,57.049,3209
2021-12-15,56.97,57.39,56.78,57.08,385751.0,57.125,2667
2021-12-16,57.6,58.3,57.47,57.91,288226.0,57.95,1866
2021-12-17,57.74,57.74,56.7,56.78,578941.0,57.311,2849
2021-12-20,56.05,56.15,55.12,55.58,493262.0,55.451,3246
2021-12-21,56.26,57.25,56.16,56.76,261430.0,56.85,1690
2021-12-22,56.54,56.86,56.24,56.76,258631.0,56.62,1706
2021-12-23,57.02,57.51,56.75,57.02,233184.0,57.057,1553
2021-12-27,56.98,57.76,56.81,57.72,178767.0,57.415,1302
2021-12-28,57.59,58.47,57.59,58.19,177053.0,58.283,1231
2021-12-29,58.31,58.49,58.07,58.17,172152.0,58.238,1271
2021-12-30,58.26,58.39,57.71,57.78,209183.0,57.919,1644
2021-12-31,57.65,58.17,57.43,57.76,263719.0,57.849,1804
2022-01-03,58.1,58.56,57.98,58.1,219313.0,58.109,1366
2022-01-04,58.68,59.75,58.68,59.39,331754.0,59.436,2050
2022-01-05,59.71,59.9,58.64,58.78,254171.0,59.257,1932
2022-01-06,59.64,59.79,59.09,59.36,300964.0,59.442,2147
2022-01-07,59.43,60.89,59.1,60.78,534384.0,60.33,3117
2022-01-10,60.9,61.16,60.08,60.73,297446.0,60.529,2003
2022-01-11,60.94,61.18,60.05,61.13,332622.0,60.938,2542
2022-01-12,61.05,61.39,60.83,61.18,238265.0,61.123,1708
2022-01-13,61.37,61.93,61.31,61.49,515967.0,61.617,3759
2022-01-14,60.96,61.68,60.57,61.63,225035.0,61.28,1630
2022-01-18,61.5,61.66,60.67,60.91,190505.0,60.993,1436
2022-01-19,61.1,61.1,59.52,59.59,155318.0,60.078,1132
2022-01-20,59.67,60.58,58.96,59.09,242493.0,59.872,1495
2022-01-21,59.11,59.32,57.95,58.15,270869.0,58.529,1735
2022-01-24,57.53,59.1,56.94,58.96,391218.0,57.834,2766
2022-01-25,58.19,58.87,56.91,58.32,407125.0,58.141,3022
2022-01-26,58.75,59.42,57.99,58.65,274241.0,58.694,2041
2022-01-27,59.16,60.01,57.9,58.27,276226.0,58.592,1920
2022-01-28,58.06,58.9,57.7,58.89,337634.0,58.292,2615
2022-01-31,58.3,59.75,57.99,59.66,407022.0,59.323,2768
2022-02-01,59.64,60.75,59.4,60.58,317430.0,60.112,2327
2022-02-02,60.52,61.46,60.5,61.39,306929.0,61.072,2207
2022-02-03,61.75,61.95,60.96,61.1,190356.0,61.258,1520
2022-02-04,61.01,61.86,60.81,61.27,293230.0,61.38,2302
2022-02-07,61.76,63.19,60.5,60.83,433619.0,61.188,3060
2022-02-08,61.3,62.04,61.21,61.75,311424.0,61.708,2038
2022-02-09,62.03,62.11,61.52,61.58,272666.0,61.755,1853
2022-02-10,61.01,62.45,61.01,62.1,693373.0,62.127,4730
2022-02-11,61.91,62.73,61.38,61.64,430736.0,62.141,2901
2022-02-14,61.89,62.06,60.47,61.13,342165.0,61.064,2594
2022-02-15,61.58,62.02,61.16,61.45,340086.0,61.63,2422
2022-02-16,61.2,62.14,60.69,62.06,343897.0,61.823,2283
2022-02-17,61.44,61.74,60.85,61.0,271125.0,61.171,1897
2022-02-18,60.77,61.91,60.68,61.6,397712.0,61.514,2635
2022-02-22,61.65,61.76,60.59,61.01,340576.0,61.15,2569
2022-02-23,61.34,61.63,59.95,60.15,369666.0,60.565,2459
2022-02-24,58.53,59.12,57.56,59.0,543330.0,58.471,4054
2022-02-25,59.65,61.93,59.64,61.83,489005.0,61.355,3298
2022-02-28,60.02,61.49,60.02,61.34,378921.0,61.087,2547
2022-03-01,61.02,61.23,59.48,59.71,461155.0,59.971,3378
2022-03-02,60.43,61.88,60.38,61.49,352140.0,61.399,2573
2022-03-03,61.51,61.91,61.01,61.54,203183.0,61.47,1496
2022-03-04,60.12,61.0,59.94,60.88,351103.0,60.557,2707
2022-03-07,60.29,60.69,59.67,59.68,562612.0,60.061,4178
2022-03-08,60.44,61.2,59.76,60.06,670065.0,60.383,4163
2022-03-09,61.46,62.34,60.99,61.03,429143.0,61.351,3086
2022-03-10,60.36,61.2,60.36,60.9,541855.0,60.91,4223
2022-03-11,61.23,61.87,60.76,60.88,331510.0,61.198,2351
2022-03-14,61.9,62.3,61.2,61.67,395948.0,61.652,2786
2022-03-15,62.13,62.69,61.68,62.67,398818.0,62.321,2724
2022-03-16,62.8,63.34,62.3,63.31,785758.0,62.974,4968
2022-03-17,62.89,63.8,62.48,63.8,570105.0,63.368,3597
2022-03-18,63.72,63.72,62.39,63.26,921759.0,63.122,5182
2022-03-21,63.66,64.04,63.22,63.99,531378.0,63.842,3066
2022-03-22,64.2,64.9,64.03,64.53,462463.0,64.526,2107
2022-03-23,64.39,64.62,63.89,63.9,239982.0,64.15,1639
2022-03-24,64.1,64.77,63.94,64.61,320662.0,64.476,2217
2022-03-25,64.65,65.54,64.49,65.5,575541.0,65.183,3627
2022-03-28,65.23,65.47,64.62,65.34,452918.0,65.024,2664
2022-03-29,66.0,66.0,65.12,65.62,334198.0,65.526,1974
2022-03-30,65.81,65.91,65.15,65.53,216200.0,65.432,1459
2022-03-31,65.36,65.95,64.78,64.82,308182.0,65.292,2310
2022-04-01,65.69,65.77,64.93,65.26,309943.0,65.222,2209
2022-04-04,65.0,65.17,63.77,63.86,377060.0,64.086,2634
2022-04-05,63.86,64.51,63.11,63.3,523208.0,63.717,3527
2022-04-06,63.16,63.94,62.96,63.36,329327.0,63.497,2477
2022-04-07,64.11,64.11,62.77,63.56,473243.0,63.41,2792
2022-04-08,63.76,64.63,63.59,64.43,341155.0,64.272,2206
2022-04-11,64.44,65.15,64.44,64.66,268249.0,64.77,1874
2022-04-12,64.65,65.25,64.29,64.51,288174.0,64.715,1972
2022-04-13,64.3,64.93,64.01,64.76,239710.0,64.605,1539
2022-04-14,64.83,65.42,64.83,65.15,269099.0,65.117,1714
2022-04-18,64.78,65.68,64.78,65.5,394007.0,65.431,2679
2022-04-19,65.58,65.88,64.98,65.68,446639.0,65.429,3113
2022-04-20,66.0,67.45,65.83,67.36,842270.0,66.842,3511
2022-04-21,67.5,68.2,66.6,66.66,614725.0,67.461,2803
2022-04-22,66.27,66.4,64.68,64.71,436919.0,65.334,2804
2022-04-25,64.21,64.83,62.91,64.68,429103.0,63.896,2911
2022-04-26,64.19,64.9,63.42,63.44,322511.0,63.91,2385
2022-04-27,63.75,64.74,63.39,64.11,301295.0,64.233,2268
2022-04-28,64.58,64.73,63.73,64.58,451717.0,64.296,3293
2022-04-29,64.13,64.45,62.6,62.84,512779.0,63.401,3660
2022-05-02,62.93,63.05,60.45,61.57,705249.0,61.484,4829
2022-05-03,62.07,63.25,61.67,62.79,695649.0,62.839,4027
2022-05-04,63.06,64.89,62.97,64.85,352194.0,63.901,2351
2022-05-05,64.25,64.71,63.12,63.76,323742.0,63.719,2374
2022-05-06,63.72,64.77,63.23,64.44,520781.0,64.051,3647
2022-05-09,64.05,64.53,62.81,63.08,438964.0,63.505,3130
2022-05-10,63.45,64.22,62.28,62.73,537016.0,62.959,3964
2022-05-11,62.91,63.88,62.31,62.38,491081.0,63.009,3372
2022-05-12,62.34,62.64,60.96,61.94,563723.0,61.647,3755
2022-05-13,62.42,63.41,62.39,63.15,392220.0,62.965,2777
2022-05-16,63.15,63.89,62.9,63.1,598281.0,63.234,3921
2022-05-17,63.8,64.89,63.76,64.8,831794.0,64.592,5937
2022-05-18,64.48,64.65,63.28,63.46,435886.0,63.815,3085
2022-05-19,62.71,63.33,61.62,62.94,565477.0,62.681,4077
2022-05-20,63.24,63.66,61.95,62.79,1036986.0,62.572,7115
2022-05-23,63.89,64.45,63.39,64.1,681212.0,64.203,4701
2022-05-24,63.93,64.16,62.58,63.93,514001.0,63.601,3512
2022-05-25,63.49,64.3,63.49,64.2,761000.0,64.072,5869
2022-05-26,64.87,65.07,64.68,64.78,311495.0,64.834,2364
2022-05-27,64.89,65.95,64.73,65.93,492364.0,65.422,3744
2022-05-31,65.51,66.34,64.93,65.49,534469.0,65.688,3611
2022-06-01,65.48,65.79,63.64,64.75,351654.0,64.618,2520
2022-06-02,64.93,65.38,63.92,65.37,288355.0,64.88,2277
2022-06-03,64.84,65.2,64.53,64.74,280202.0,64.774,2023
2022-06-06,65.21,65.52,64.3,64.49,380262.0,64.83,2756
2022-06-07,64.2,64.89,63.79,64.85,734711.0,64.258,5523
2022-06-08,64.22,64.29,63.4,63.41,352626.0,63.702,2166
2022-06-09,63.37,63.46,61.54,61.57,334268.0,62.551,2087
2022-06-10,60.25,61.01,60.25,60.34,737857.0,60.647,4223
2022-06-13,59.26,59.87,58.0,58.31,641277.0,58.964,3269
2022-06-14,58.51,59.33,58.34,58.54,637355.0,58.755,3895
2022-06-15,59.15,59.74,58.53,58.91,766920.0,59.21,4996
2022-06-16,57.86,58.22,56.68,56.9,754002.0,57.228,5058
2022-06-17,57.28,57.91,56.73,57.54,949718.0,57.459,5335
2022-06-21,58.71,58.95,57.89,58.49,772925.0,58.536,3974
2022-06-22,57.57,58.94,57.57,58.41,575195.0,58.405,3255
2022-06-23,58.34,58.88,57.49,58.02,398595.0,58.036,2512
2022-06-24,58.4,59.9,58.4,59.77,626915.0,59.59,3898
2022-06-27,59.96,60.24,59.46,59.79,468263.0,59.839,2985
2022-06-28,60.37,60.8,59.48,59.53,356858.0,60.044,2423
2022-06-29,59.75,59.78,58.98,59.04,251735.0,59.204,1687
2022-06-30,58.37,59.65,58.2,59.26,489682.0,59.05,2951
2022-07-01,59.19,60.19,58.84,60.15,403477.0,59.621,2915
2022-07-05,59.28,59.33,57.75,58.48,415128.0,58.258,2883
2022-07-06,58.41,59.02,57.53,58.53,307428.0,58.3,2054
2022-07-07,59.1,59.56,58.6,58.63,478843.0,58.907,2960
2022-07-08,58.95,59.29,57.87,57.93,536372.0,58.263,3401
2022-07-11,57.54,58.39,57.54,57.95,336488.0,57.922,2087
2022-07-12,57.51,58.36,57.13,57.73,415571.0,57.957,2727
2022-07-13,57.21,57.74,56.97,57.28,387106.0,57.355,2789
2022-07-14,56.0,56.44,55.43,55.61,615938.0,55.779,3349
2022-07-15,56.47,56.82,56.01,56.45,482648.0,56.547,2551
2022-07-18,56.93,57.25,56.12,56.24,419127.0,56.573,2654
2022-07-19,56.91,57.78,56.91,57.73,397539.0,57.503,2038
2022-07-20,57.57,57.95,57.25,57.7,368841.0,57.689,2162
2022-07-21,57.38,57.43,56.65,57.4,254523.0,57.153,1666
2022-07-22,57.51,57.84,56.67,57.05,247024.0,56.989,1863
2022-07-25,57.46,58.09,57.19,57.82,196701.0,57.737,1328
2022-07-26,57.85,58.21,57.52,57.87,168189.0,57.812,1139
2022-07-27,58.12,58.29,57.26,58.01,412353.0,57.798,2762
2022-07-28,58.08,58.29,56.51,57.74,298494.0,57.426,2192
2022-07-29,57.98,58.63,57.98,58.25,321675.0,58.3,2224
2022-08-01,56.48,56.98,54.63,55.65,1255362.0,55.605,6276
2022-08-02,55.45,55.99,54.89,55.34,803254.0,55.456,3912
2022-08-03,55.61,55.85,54.9,55.34,550616.0,55.432,3285
2022-08-04,55.09,55.36,54.35,54.38,540534.0,54.797,2788
2022-08-05,54.28,55.2,54.1,55.12,414655.0,54.872,2209
2022-08-08,55.47,56.13,55.36,55.37,470487.0,55.674,2499
2022-08-09,55.61,56.23,55.59,56.06,339057.0,55.944,1973
2022-08-10,56.61,57.05,56.51,56.99,388684.0,56.835,2342
2022-08-11,57.4,57.82,57.37,57.51,262311.0,57.577,1538
2022-08-12,57.73,58.72,57.73,58.71,232375.0,58.379,1537
2022-08-15,58.05,58.65,57.85,58.48,292954.0,58.442,2247
2022-08-16,58.29,58.94,58.29,58.8,299293.0,58.734,1929
2022-08-17,58.27,58.98,58.27,58.47,482864.0,58.603,3350
2022-08-18,58.53,58.96,58.53,58.95,370630.0,58.76,2285
2022-08-19,58.85,58.95,58.12,58.24,514828.0,58.38,3009
2022-08-22,57.61,57.76,56.87,56.96,432240.0,57.117,2665
2022-08-23,57.29,57.39,56.73,57.0,451404.0,56.971,2931
2022-08-24,56.97,57.25,56.74,57.19,435186.0,56.998,2844
2022-08-25,57.55,57.96,57.13,57.95,245439.0,57.662,1619
2022-08-26,58.06,58.38,56.78,56.8,338726.0,57.047,2219
2022-08-29,56.44,57.05,56.2,56.48,318253.0,56.679,2111
2022-08-30,56.42,56.79,55.61,55.74,538798.0,55.922,3442
2022-08-31,55.91,56.11,55.3,55.31,427366.0,55.635,2823
2022-09-01,55.16,55.53,54.71,55.51,429014.0,55.195,2970
2022-09-02,56.18,56.87,55.18,55.43,442145.0,55.947,3014
2022-09-06,55.9,56.12,55.18,55.33,750001.0,55.537,5605
2022-09-07,55.18,56.43,55.18,56.23,560254.0,55.971,4237
2022-09-08,56.0,56.75,55.68,56.67,484101.0,56.389,3769
2022-09-09,56.81,57.3,56.73,56.86,449115.0,56.941,2998
2022-09-12,57.25,57.79,57.03,57.45,393072.0,57.408,2880
2022-09-13,56.68,57.05,55.74,55.85,451286.0,56.367,3404
2022-09-14,56.09,56.23,55.03,55.37,623070.0,55.583,4406
2022-09-15,55.55,56.09,55.3,55.42,469462.0,55.695,3478
2022-09-16,55.02,55.02,53.73,53.96,923113.0,54.235,5456
2022-09-19,53.45,55.13,53.45,55.11,503331.0,54.72,3290
2022-09-20,54.6,54.77,53.25,53.8,556179.0,53.773,3658
2022-09-21,54.1,54.5,52.85,52.88,564660.0,53.814,3894
2022-09-22,52.85,52.85,51.77,51.82,535235.0,52.035,3982
2022-09-23,51.21,51.4,50.34,51.0,476320.0,50.895,3118
2022-09-26,50.67,51.05,49.36,49.67,538306.0,49.871,3502
2022-09-27,50.11,50.44,49.46,50.12,387750.0,49.999,2676
2022-09-28,50.44,51.16,50.16,50.92,606854.0,50.868,3671
2022-09-29,50.55,50.91,50.05,50.77,557292.0,50.615,3716
2022-09-30,50.8,51.13,49.76,49.84,606986.0,50.285,4396
2022-10-03,50.48,51.9,49.77,51.52,539059.0,51.401,3899
2022-10-04,52.0,53.28,52.0,53.19,453653.0,52.891,2699
2022-10-05,52.7,53.09,52.55,52.8,412416.0,52.813,2720
2022-10-06,52.36,52.63,52.12,52.15,424516.0,52.284,3074
2022-10-07,51.91,51.94,51.04,51.35,375748.0,51.513,2610
2022-10-10,51.62,51.98,51.27,51.43,217176.0,51.565,1460
2022-10-11,51.32,52.62,51.32,51.92,332070.0,52.009,2305
2022-10-12,51.79,52.07,51.48,51.48,260187.0,51.811,1860
2022-10-13,51.04,53.87,50.68,53.66,499640.0,52.837,3247
2022-10-14,54.19,54.59,52.89,53.0,360142.0,53.393,2509
2022-10-17,53.79,54.28,53.37,53.6,437096.0,53.692,3311
2022-10-18,54.78,55.12,54.2,54.61,440475.0,54.569,2906
2022-10-19,54.47,55.14,54.02,54.54,287122.0,54.522,2091
2022-10-20,54.04,54.89,53.56,53.64,311276.0,54.006,2054
2022-10-21,53.89,55.55,53.64,55.5,457702.0,54.781,2568
2022-10-24,55.84,56.49,55.59,55.85,306939.0,55.874,2231
2022-10-25,55.36,55.96,55.07,55.76,302393.0,55.61,2445
2022-10-26,56.22,56.3,55.74,55.97,225147.0,56.063,1708
2022-10-27,56.5,57.16,56.26,56.36,350061.0,56.563,2494
2022-10-28,56.79,58.06,56.72,57.99,351353.0,57.648,2697
2022-10-31,57.25,57.84,56.36,57.02,456171.0,57.02,3447
2022-11-01,57.28,57.62,56.29,56.49,415981.0,56.746,2826
2022-11-02,56.23,57.01,55.42,55.51,373166.0,56.109,2888
2022-11-03,54.94,55.62,54.52,55.22,241152.0,55.237,1713
2022-11-04,55.92,56.33,54.99,55.47,307917.0,55.413,2278
2022-11-07,55.94,55.94,55.05,55.6,241942.0,55.453,2049
2022-11-08,55.59,55.87,54.93,55.65,212801.0,55.555,1579
2022-11-09,55.38,55.44,54.27,54.46,277725.0,54.786,1986
2022-11-10,56.01,56.64,55.59,56.59,304126.0,56.278,2204
2022-11-11,57.13,57.13,55.72,55.97,300684.0,56.051,2065
2022-11-14,55.98,56.79,55.42,55.49,192474.0,56.039,1303
2022-11-15,55.88,55.96,54.91,55.58,275157.0,55.579,1947
2022-11-16,55.64,55.87,55.09,55.63,154696.0,55.631,1123
2022-11-17,55.07,56.09,55.07,56.03,221103.0,55.766,1633
2022-11-18,56.64,57.01,55.96,56.62,233192.0,56.486,1478
2022-11-21,56.56,56.99,56.28,56.81,162826.0,56.669,1155
2022-11-22,57.18,57.53,56.95,57.1,216736.0,57.131,1543
2022-11-23,57.03,57.32,56.76,57.31,167096.0,57.1,1238
2022-11-25,57.6,57.65,57.18,57.41,119307.0,57.366,976
2022-11-28,56.99,57.37,56.64,56.77,155060.0,56.886,1172
2022-11-29,56.69,57.84,56.51,57.78,289885.0,57.411,2258
2022-11-30,57.62,58.29,56.6,58.15,488448.0,57.49,3404
2022-12-01,58.66,58.87,57.65,58.04,380640.0,58.095,2743
2022-12-02,57.58,57.77,56.9,57.67,274348.0,57.456,1941
2022-12-05,57.37,57.41,56.09,56.33,186490.0,56.474,1406
2022-12-06,56.31,57.21,56.08,57.12,338029.0,56.707,2493
2022-12-07,57.03,57.64,56.16,56.24,308745.0,56.705,2441
2022-12-08,56.38,56.78,56.11,56.38,206598.0,56.409,1549
2022-12-09,56.19,56.85,55.94,56.48,450734.0,56.476,3039
2022-12-12,56.42,56.8,56.16,56.69,300767.0,56.448,2253
2022-12-13,57.91,58.12,56.46,56.75,347347.0,56.995,2628
2022-12-14,56.66,57.45,55.95,56.25,478050.0,56.731,3180
2022-12-15,55.65,56.24,55.4,55.91,357587.0,55.867,2483
2022-12-16,55.18,55.98,54.82,55.8,660145.0,55.444,3426
2022-12-19,55.86,56.38,54.81,54.95,697111.0,55.206,4606
2022-12-20,55.24,56.71,54.82,55.78,762775.0,56.091,4683
2022-12-21,56.35,57.43,56.27,57.42,625254.0,57.07,4111
2022-12-22,57.34,57.57,56.33,57.19,344333.0,57.009,2477
2022-12-23,57.23,57.97,57.09,57.85,284289.0,57.596,1928
2022-12-27,57.83,58.76,57.59,58.6,406595.0,58.465,3029
2022-12-28,58.75,58.86,57.86,57.88,282116.0,58.239,2131
2022-12-29,57.91,58.82,57.91,58.67,272063.0,58.619,1875
2022-12-30,58.44,58.77,58.1,58.33,323498.0,58.342,2278
2023-01-03,58.39,59.05,58.1,58.59,457347.0,58.49,2987
2023-01-04,59.01,59.76,58.83,59.27,340070.0,59.345,2610
2023-01-05,59.08,59.24,58.56,59.21,366495.0,58.988,2699
2023-01-06,59.69,60.54,59.69,60.47,343094.0,60.286,2550
2023-01-09,60.41,60.41,58.93,58.97,337448.0,59.395,2574
2023-01-10,59.01,59.25,58.69,59.04,340895.0,59.024,2651
2023-01-11,59.15,59.85,58.99,59.83,307360.0,59.475,2197
2023-01-12,60.13,60.18,59.77,59.88,280396.0,59.986,2098
2023-01-13,59.48,60.28,59.39,60.22,247365.0,60.042,2045
2023-01-17,60.28,60.28,59.25,59.35,327292.0,59.649,2322
2023-01-18,59.38,59.59,58.35,58.47,497889.0,58.79,3696
2023-01-19,58.1,58.46,57.87,58.07,434979.0,58.151,3191
2023-01-20,58.2,58.97,57.53,58.96,427645.0,58.463,2406
2023-01-23,59.12,59.74,58.85,59.58,271184.0,59.372,1869
2023-01-24,59.62,60.32,59.35,60.23,322981.0,59.994,2336
2023-01-25,60.01,60.63,59.86,60.59,220642.0,60.321,1614
2023-01-26,60.66,61.19,60.56,61.15,173195.0,60.954,1272
2023-01-27,60.97,61.28,60.54,60.99,255705.0,60.983,1859
2023-01-30,60.81,61.46,60.38,60.42,208647.0,60.67,1737
2023-01-31,60.49,61.49,60.04,61.48,279228.0,60.945,2082
2023-02-01,60.83,61.15,60.06,60.54,342505.0,60.56,2641
2023-02-02,60.4,60.6,59.33,60.18,537130.0,60.085,4071
2023-02-03,60.1,60.29,59.72,60.1,578991.0,59.959,4549
2023-02-06,60.11,61.78,59.91,61.44,739460.0,61.075,4722
2023-02-07,61.05,63.01,61.05,62.75,548423.0,62.137,3846
2023-02-08,62.41,62.73,62.06,62.06,452895.0,62.374,3040
2023-02-09,62.31,63.24,61.72,61.75,510969.0,62.161,3776
2023-02-10,61.72,62.23,61.46,62.17,489620.0,61.959,3119
2023-02-13,61.99,62.69,61.93,62.57,328942.0,62.491,2511
2023-02-14,62.4,62.69,61.71,61.78,440414.0,62.112,2870
2023-02-15,61.46,62.26,61.15,62.15,2702706.0,61.453,2509
2023-02-16,61.88,62.28,61.35,61.66,245990.0,61.909,1852
2023-02-17,61.63,61.63,61.12,61.51,217646.0,61.44,1472
2023-02-21,61.64,61.64,60.53,60.78,249848.0,60.789,1695
2023-02-22,60.54,61.09,60.42,60.64,155232.0,60.698,1200
2023-02-23,60.8,61.13,60.35,60.7,271122.0,60.741,2070
2023-02-24,60.3,61.14,59.84,61.08,287470.0,60.828,2329
2023-02-27,61.4,61.66,60.81,60.9,145194.0,61.078,1115
2023-02-28,60.98,61.36,60.93,61.09,381389.0,61.191,2423
2023-03-01,60.75,61.4,60.74,61.25,217888.0,61.169,1642
2023-03-02,61.04,61.44,60.73,61.44,196887.0,61.172,1355
2023-03-03,61.52,61.8,61.01,61.76,240180.0,61.57,1859
2023-03-06,61.86,62.11,61.28,61.33,400515.0,61.587,2600
2023-03-07,61.22,61.37,59.71,59.73,486133.0,60.167,3177
2023-03-08,59.83,60.2,58.79,58.85,415510.0,59.269,2640
2023-03-09,58.92,59.23,57.97,58.17,411858.0,58.587,2686
2023-03-10,57.74,58.06,57.0,57.35,502745.0,57.452,3645
2023-03-13,56.16,56.35,55.11,55.54,538039.0,55.779,3894
2023-03-14,56.84,57.07,55.74,56.28,500608.0,56.278,3699
2023-03-15,54.63,55.12,53.52,54.31,541895.0,54.106,3681
2023-03-16,53.92,56.18,53.57,55.87,650133.0,55.412,4562
2023-03-17,55.59,55.59,53.52,53.59,969591.0,54.248,4967
2023-03-20,54.05,55.54,54.01,55.26,600147.0,55.202,3779
2023-03-21,56.38,56.54,55.93,56.02,704964.0,56.177,4429
2023-03-22,56.0,56.2,54.42,54.44,580302.0,55.355,3842
2023-03-23,54.28,54.68,53.49,53.78,516140.0,54.083,3793
2023-03-24,53.14,54.64,52.85,54.56,544363.0,54.133,3885
2023-03-27,55.36,55.89,55.04,55.62,618491.0,55.621,3883
2023-03-28,55.43,55.9,55.29,55.88,583242.0,55.695,3654
2023-03-29,56.61,56.92,56.49,56.9,561336.0,56.778,3296
2023-03-30,57.03,57.32,56.79,57.3,476329.0,57.106,2804
2023-03-31,57.68,58.14,57.59,58.02,699855.0,57.94,3666
2023-04-03,58.05,58.6,57.55,57.59,461421.0,57.824,3218
2023-04-04,57.77,57.79,55.85,56.21,353531.0,56.284,2709
2023-04-05,55.76,56.37,55.6,56.22,314393.0,56.132,2274
2023-04-06,56.37,56.58,55.88,56.38,282489.0,56.308,2193
2023-04-10,56.31,56.67,56.24,56.45,247042.0,56.444,1634
2023-04-11,56.57,57.15,56.43,56.88,308912.0,56.878,2043
2023-04-12,57.05,57.32,56.42,56.59,196533.0,56.677,1391
2023-04-13,56.19,56.74,56.07,56.71,178641.0,56.564,1327
2023-04-14,56.99,57.14,55.88,56.24,248946.0,56.364,1722
2023-04-17,56.13,57.24,55.89,57.2,256147.0,56.767,1767
2023-04-18,57.24,57.57,56.86,57.51,340155.0,57.325,2420
2023-04-19,57.47,57.76,57.38,57.49,174533.0,57.522,1351
2023-04-20,57.47,57.5,56.8,57.12,204151.0,57.101,1346
2023-04-21,56.95,56.96,55.89,56.44,215112.0,56.407,1422
2023-04-24,56.55,56.85,56.37,56.63,185048.0,56.619,1397
2023-04-25,56.17,56.33,55.82,56.11,444319.0,56.087,2447
2023-04-26,55.7,56.29,55.31,55.7,412261.0,55.809,2547
2023-04-27,55.75,56.88,55.64,56.86,275090.0,56.432,1772
2023-04-28,56.79,57.92,56.79,57.57,396185.0,57.656,2860
2023-05-01,59.36,60.3,58.0,60.13,479861.0,59.867,3259
2023-05-02,59.8,59.89,58.14,59.02,304073.0,58.965,2294
2023-05-03,59.34,59.48,58.38,58.42,230766.0,58.875,1631
2023-05-04,58.2,58.5,57.55,58.08,321475.0,58.074,2481
2023-05-05,58.78,59.42,58.54,58.62,181916.0,58.829,1433
2023-05-08,58.77,59.03,58.6,58.81,191050.0,58.811,1316
2023-05-09,58.67,59.01,58.49,58.62,359296.0,58.74,2176
2023-05-10,58.86,59.0,57.71,58.49,254822.0,58.239,1674
2023-05-11,58.18,58.41,57.82,58.4,403759.0,58.201,2341
2023-05-12,58.93,59.12,58.02,58.51,175239.0,58.437,1259
2023-05-15,58.85,58.85,58.24,58.38,228800.0,58.462,1558
2023-05-16,58.27,58.4,57.76,57.83,203796.0,58.022,1433
2023-05-17,58.07,58.55,57.86,58.24,230074.0,58.222,1696
2023-05-18,58.14,58.9,57.87,58.87,223820.0,58.477,1730
2023-05-19,59.3,59.6,58.59,58.8,217168.0,58.972,1407
2023-05-22,58.82,58.99,58.1,58.68,257341.0,58.673,1763
2023-05-23,58.32,58.7,57.84,57.91,311449.0,58.217,2252
2023-05-24,57.6,57.82,57.1,57.17,350415.0,57.328,2370
2023-05-25,56.95,57.23,56.52,56.98,282342.0,56.934,1842
2023-05-26,56.98,57.39,56.68,57.11,290241.0,57.038,1932
2023-05-30,56.86,57.49,56.73,57.4,270110.0,57.232,1816
2023-05-31,57.08,57.29,55.94,56.0,711689.0,56.252,4600
2023-06-01,56.28,56.77,56.08,56.39,570321.0,56.413,4272
2023-06-02,56.85,58.14,56.59,58.02,320017.0,57.864,2199
2023-06-05,58.54,58.83,58.05,58.47,661263.0,58.582,4097
2023-06-06,58.53,58.97,58.38,58.63,311390.0,58.682,2245
2023-06-07,58.64,59.93,58.46,59.72,276867.0,59.456,1992
2023-06-08,59.65,59.81,58.8,59.32,234702.0,59.246,1737
2023-06-09,59.16,59.59,58.81,59.34,198007.0,59.353,1267
2023-06-12,59.1,59.53,58.62,58.88,281818.0,58.958,1835
2023-06-13,58.94,59.8,58.67,59.25,266656.0,59.325,1729
2023-06-14,59.44,59.62,57.86,58.12,328065.0,58.607,2362
2023-06-15,58.11,58.85,57.93,58.84,328361.0,58.575,2205
2023-06-16,59.21,59.27,58.48,58.57,565328.0,58.848,2688
2023-06-20,58.32,58.38,57.47,58.09,302842.0,58.054,2202
2023-06-21,57.8,58.59,57.5,58.23,271224.0,58.331,1807
2023-06-22,58.4,58.42,57.93,58.22,250475.0,58.145,1774
2023-06-23,57.78,58.21,57.55,57.9,261557.0,57.926,1922
2023-06-26,57.97,58.63,57.74,58.32,357374.0,58.349,2389
2023-06-27,58.47,59.15,58.39,58.95,192057.0,58.875,1433
2023-06-28,58.65,58.65,58.0,58.22,255907.0,58.177,1843
2023-06-29,58.26,59.27,58.21,59.11,405888.0,59.051,2697
2023-06-30,59.42,59.79,59.19,59.38,263673.0,59.505,1957
2023-07-03,59.2,60.17,59.2,59.72,139413.0,59.81,1010
2023-07-05,59.24,59.76,58.81,59.67,281672.0,59.519,1872
2023-07-06,59.25,60.09,59.18,59.96,226251.0,59.746,1668
2023-07-07,59.79,61.19,59.57,60.45,375905.0,60.632,2440
2023-07-10,60.27,60.68,59.49,59.54,337756.0,59.969,2294
2023-07-11,59.65,60.56,59.65,60.54,238158.0,60.284,1611
2023-07-12,61.03,61.22,60.3,60.45,282422.0,60.638,1988
2023-07-13,59.74,60.68,59.74,60.49,215755.0,60.457,1552
2023-07-14,60.63,60.63,59.37,59.44,386284.0,59.572,2221
2023-07-17,59.45,60.55,59.45,60.11,169349.0,60.222,1213
2023-07-18,59.93,60.81,59.91,60.34,248125.0,60.364,1902
2023-07-19,60.26,60.88,60.25,60.64,258435.0,60.569,1746
2023-07-20,61.06,61.86,60.87,61.82,160457.0,61.498,1220
2023-07-21,62.02,62.02,61.48,61.5,144722.0,61.663,980
2023-07-24,61.31,61.79,61.17,61.48,123319.0,61.518,993
2023-07-25,61.48,61.48,60.98,61.0,166414.0,61.101,1227
2023-07-26,61.21,61.89,61.21,61.63,164202.0,61.616,1342
2023-07-27,61.95,62.31,61.42,62.04,243163.0,62.087,1759
2023-07-28,62.77,62.77,62.09,62.19,171002.0,62.29,1317
2023-07-31,63.18,63.93,62.47,62.65,302191.0,62.821,2198
2023-08-01,62.68,62.99,62.1,62.96,247330.0,62.704,1647
2023-08-02,62.7,63.43,62.52,62.87,172174.0,62.94,1272
2023-08-03,62.81,63.58,62.41,63.32,198246.0,63.215,1555
2023-08-04,63.5,63.83,62.79,62.92,295793.0,63.283,2007
2023-08-07,63.36,63.87,63.28,63.5,202886.0,63.521,1538
2023-08-08,62.98,63.69,62.73,63.61,223863.0,63.378,1637
2023-08-09,63.56,63.88,63.08,63.17,166600.0,63.41,1320
2023-08-10,63.56,63.93,62.8,62.94,370285.0,63.137,3200
2023-08-11,62.92,63.44,62.58,63.42,191417.0,63.198,1377
2023-08-14,63.31,63.31,62.52,62.94,459608.0,62.813,2794
2023-08-15,62.41,62.54,62.11,62.35,211233.0,62.352,1627
2023-08-16,62.36,62.87,62.36,62.44,256911.0,62.591,1855
2023-08-17,62.85,62.86,61.56,61.61,250641.0,62.011,1906
2023-08-18,61.41,61.82,61.38,61.59,315124.0,61.594,2072
2023-08-21,61.74,61.96,61.36,61.7,184439.0,61.672,1370
2023-08-22,61.65,62.01,61.33,61.38,185391.0,61.467,1420
2023-08-23,61.4,61.97,61.4,61.96,187265.0,61.772,1308
2023-08-24,61.73,62.65,61.73,62.09,162999.0,62.244,1188
2023-08-25,62.14,62.36,61.69,62.06,130717.0,62.111,999
2023-08-28,62.13,62.69,61.85,62.23,211689.0,62.168,1259
2023-08-29,62.41,62.41,61.75,62.27,122642.0,62.147,1001
2023-08-30,62.3,62.64,62.03,62.06,123549.0,62.217,945
2023-08-31,62.33,62.34,61.71,62.09,171631.0,62.009,1242
2023-09-01,62.58,62.75,62.28,62.3,132717.0,62.441,960
2023-09-05,62.13,62.91,61.73,61.73,327864.0,62.091,2361
2023-09-06,61.47,61.99,61.29,61.72,292942.0,61.789,2092
2023-09-07,61.98,62.28,61.74,62.05,445413.0,62.123,2740
2023-09-08,62.09,62.81,61.95,62.43,320003.0,62.48,2077
2023-09-11,62.81,63.39,62.77,62.89,336566.0,63.009,2128
2023-09-12,63.03,64.04,62.97,64.01,407745.0,63.783,2414
2023-09-13,64.32,64.35,63.8,63.81,524283.0,63.959,3296
2023-09-14,64.33,64.7,64.08,64.54,295070.0,64.452,2224
2023-09-15,64.1,64.82,63.96,64.25,644184.0,64.324,3806
2023-09-18,64.41,64.63,64.0,64.56,261306.0,64.469,1670
2023-09-19,64.77,65.32,64.57,65.08,314491.0,65.053,1986
2023-09-20,65.16,65.39,64.92,64.97,346794.0,65.124,2433
2023-09-21,64.83,64.96,64.12,64.19,454453.0,64.362,2945
2023-09-22,64.17,64.9,64.11,64.5,410022.0,64.5,2928
2023-09-25,64.15,64.77,64.07,64.69,226530.0,64.559,1457
2023-09-26,64.43,64.78,63.82,63.92,328197.0,64.173,2338
2023-09-27,64.12,64.14,63.42,63.8,378841.0,63.778,2700
2023-09-28,63.98,64.41,63.77,63.89,333149.0,64.059,2483
2023-09-29,63.9,63.91,63.03,63.31,321567.0,63.393,2272
2023-10-02,63.17,63.2,61.81,62.3,392344.0,62.303,2675
2023-10-03,62.13,62.79,61.61,61.82,416643.0,61.99,2741
2023-10-04,61.7,62.64,61.43,62.56,345861.0,62.148,2499
2023-10-05,62.43,63.24,62.43,62.82,263650.0,62.856,1924
2023-10-06,62.69,63.5,62.66,63.27,280837.0,63.222,2230
2023-10-09,63.03,63.87,63.03,63.67,251458.0,63.558,1746
2023-10-10,63.77,64.01,63.37,63.52,285918.0,63.568,1922
2023-10-11,63.47,64.48,63.47,64.29,401886.0,64.06,2964
2023-10-12,64.51,64.51,63.33,63.6,223619.0,63.746,1579
2023-10-13,64.06,64.43,63.43,63.81,249187.0,63.803,1772
2023-10-16,64.33,65.17,64.33,64.67,261714.0,64.728,1836
2023-10-17,64.5,65.76,64.5,65.5,247009.0,65.382,1889
2023-10-18,65.33,65.47,64.68,64.95,344120.0,64.983,2510
2023-10-19,64.77,65.12,64.03,64.08,283232.0,64.551,2130
2023-10-20,64.12,64.38,62.8,62.95,316439.0,63.419,1961
2023-10-23,62.81,62.99,62.23,62.32,201803.0,62.494,1562
2023-10-24,62.78,63.44,62.78,63.29,302121.0,63.261,1898
2023-10-25,63.3,64.34,63.2,63.8,268419.0,63.896,1806
2023-10-26,64.01,64.58,63.9,63.98,300553.0,64.2,2169
2023-10-27,63.77,63.88,62.54,62.82,254204.0,63.024,1760
2023-10-30,62.18,63.68,62.18,62.93,275164.0,62.964,2093
2023-10-31,63.32,64.03,63.23,64.01,281608.0,63.757,2100
2023-11-01,64.13,65.18,64.06,65.15,397650.0,64.766,2558
2023-11-02,65.26,65.8,64.48,65.14,372735.0,64.946,2573
2023-11-03,65.49,65.93,65.23,65.79,310493.0,65.709,1897
2023-11-06,65.82,65.82,65.26,65.4,215551.0,65.468,1573
2023-11-07,65.29,65.51,65.13,65.42,211586.0,65.314,1606
2023-11-08,65.58,65.58,64.84,64.94,226832.0,65.042,1569
2023-11-09,65.08,65.47,64.97,65.25,192493.0,65.222,1449
2023-11-10,65.53,65.91,65.24,65.89,190654.0,65.67,1532
2023-11-13,65.88,66.34,65.7,65.97,263471.0,66.014,1740
2023-11-14,65.94,66.65,65.92,66.44,318952.0,66.352,2073
2023-11-15,66.46,66.86,66.16,66.53,335232.0,66.644,2339
2023-11-16,66.69,67.22,66.69,67.06,373731.0,67.042,2271
2023-11-17,67.21,67.46,66.98,67.0,372514.0,67.179,2287
2023-11-20,66.97,67.79,66.6,67.49,364789.0,67.464,2465
2023-11-21,67.5,68.39,67.5,68.09,508650.0,68.095,3345
2023-11-22,67.9,68.62,67.86,68.5,369636.0,68.434,2482
2023-11-24,68.57,69.37,68.57,69.3,309107.0,69.144,1911
2023-11-27,68.99,69.4,68.9,69.18,372595.0,69.196,2542
2023-11-28,69.24,69.31,68.5,68.64,337173.0,68.837,2560
2023-11-29,68.71,69.0,68.47,68.51,335756.0,68.658,2501
2023-11-30,68.57,70.45,68.47,70.29,1129694.0,69.841,6606
2023-12-01,70.08,70.64,69.92,70.01,709996.0,70.208,4887
2023-12-04,69.7,70.85,69.51,70.72,459251.0,70.589,3224
2023-12-05,70.64,70.88,70.2,70.34,324111.0,70.525,2348
2023-12-06,70.45,70.74,69.3,69.48,239453.0,69.639,1821
2023-12-07,69.78,69.95,68.57,68.82,469667.0,68.897,3262
2023-12-08,68.86,68.94,68.48,68.84,235882.0,68.73,1681
2023-12-11,68.89,69.85,68.89,69.72,288137.0,69.605,2070
2023-12-12,69.65,70.38,69.56,69.94,273339.0,70.033,1886
2023-12-13,69.91,70.4,69.7,70.33,259420.0,70.051,1830
2023-12-14,70.43,70.43,68.55,68.69,984363.0,69.052,6123
2023-12-15,68.09,68.31,67.2,68.0,1200792.0,67.761,5440
2023-12-18,68.31,68.66,67.93,68.5,342208.0,68.488,2395
2023-12-19,68.43,69.04,68.2,68.9,308521.0,68.834,2146
2023-12-20,68.65,69.08,68.03,68.11,354311.0,68.594,2298
2023-12-21,68.1,68.56,67.85,68.52,205326.0,68.229,1457
2023-12-22,68.8,69.02,68.58,68.8,199378.0,68.776,1463
2023-12-26,68.7,69.22,68.49,68.99,166448.0,68.971,1177
2023-12-27,68.81,69.25,68.76,69.18,184784.0,69.075,1296
2023-12-28,69.24,69.64,69.24,69.47,178768.0,69.481,1336
2023-12-29,69.56,69.7,69.19,69.59,219735.0,69.484,1727
2024-01-02,69.65,70.48,69.64,70.46,317792.0,70.155,2339
2024-01-03,70.49,71.03,70.23,70.27,259165.0,70.662,1835
2024-01-04,70.72,71.22,70.68,70.7,208232.0,70.927,1358
2024-01-05,70.9,71.49,70.77,71.19,226289.0,71.226,1573
2024-01-08,71.31,71.41,70.51,71.26,191811.0,70.926,1473
2024-01-09,71.04,71.21,70.23,70.99,187217.0,70.759,1330
2024-01-10,70.67,71.1,70.52,70.97,151456.0,70.831,1093
2024-01-11,70.87,71.12,70.36,71.0,168646.0,70.774,1265
2024-01-12,71.5,71.84,70.82,71.08,168665.0,71.211,1120
2024-01-16,70.83,71.2,70.7,71.1,202476.0,70.984,1530
2024-01-17,70.99,71.88,70.8,70.94,197896.0,71.273,1297
2024-01-18,70.71,71.54,70.59,71.49,198179.0,71.073,1209
2024-01-19,71.95,72.47,71.58,72.2,351486.0,72.087,1725
2024-01-22,72.35,73.29,72.33,73.05,372988.0,72.999,2118
2024-01-23,73.05,73.39,72.75,72.75,213255.0,72.954,1357
2024-01-24,73.06,73.44,72.98,73.09,167808.0,73.192,1266
2024-01-25,73.45,73.64,72.49,72.98,375585.0,72.836,2525
2024-01-26,73.03,73.39,72.65,72.78,724549.0,72.882,5419
2024-01-29,72.61,73.31,72.45,73.27,324064.0,72.853,2026
2024-01-30,73.07,73.81,73.07,73.78,384424.0,73.631,2670
2024-01-31,73.85,74.0,72.83,72.86,333846.0,73.367,2296
2024-02-01,72.28,72.58,71.45,72.3,466661.0,72.167,3255
2024-02-02,72.53,73.2,72.44,73.04,447298.0,72.889,3076
2024-02-05,74.59,75.24,72.27,72.79,935268.0,73.036,5348
2024-02-06,72.6,73.17,72.41,72.81,441882.0,72.839,3048
2024-02-07,72.96,73.0,72.39,72.66,342860.0,72.712,2467
2024-02-08,72.47,72.52,71.52,72.02,517832.0,71.918,3580
2024-02-09,71.78,72.76,71.66,72.75,279058.0,72.472,1993
2024-02-12,72.99,73.53,72.66,73.1,235721.0,73.157,1816
2024-02-13,73.39,73.85,72.5,73.02,531681.0,72.921,3724
2024-02-14,73.29,73.56,73.0,73.52,495079.0,73.304,3362
2024-02-15,73.54,75.38,73.45,75.22,566375.0,74.821,3324
2024-02-16,75.22,75.3,74.27,74.34,349805.0,74.672,2450
2024-02-20,74.0,74.55,73.68,73.87,310883.0,74.132,2264
2024-02-21,74.16,74.45,73.83,74.32,299094.0,74.212,2031
2024-02-22,74.5,74.99,74.15,74.91,293284.0,74.783,2264
2024-02-23,74.96,75.41,74.87,75.19,169224.0,75.211,1291
2024-02-26,75.12,75.33,74.51,74.54,212934.0,74.707,1669
2024-02-27,74.41,75.03,73.98,74.99,265525.0,74.603,2037
2024-02-28,74.99,75.49,74.83,75.06,213029.0,75.183,1585
2024-02-29,75.16,75.27,74.59,75.13,216109.0,74.973,1606
2024-03-01,75.07,75.18,74.27,74.43,250098.0,74.572,1800
2024-03-04,74.43,74.98,74.14,74.35,246480.0,74.337,1788
2024-03-05,74.23,74.84,74.23,74.58,287976.0,74.593,2246
2024-03-06,74.8,75.54,74.43,75.47,327447.0,75.274,2262
2024-03-07,75.43,75.67,74.9,75.1,217890.0,75.183,1489
2024-03-08,75.04,75.23,74.73,74.84,318979.0,74.971,2421
2024-03-11,74.78,76.0,74.68,76.0,364448.0,75.561,2588
2024-03-12,76.01,76.24,75.71,76.21,253287.0,76.064,1658
2024-03-13,76.25,76.4,75.81,76.15,259084.0,76.109,1840
2024-03-14,75.91,76.18,75.48,76.01,221035.0,75.838,1663
2024-03-15,75.44,76.99,75.41,76.97,661000.0,76.459,3401
2024-03-18,76.97,77.56,76.66,76.97,353597.0,77.152,2094
2024-03-19,77.29,77.74,77.2,77.41,236165.0,77.464,1574
2024-03-20,77.16,77.84,77.02,77.76,214463.0,77.633,1514
2024-03-21,77.76,77.89,77.2,77.41,218341.0,77.548,1388
2024-03-22,77.68,77.68,76.43,76.45,162098.0,76.852,1195
2024-03-25,76.79,77.36,76.61,76.99,198775.0,77.088,1400
2024-03-26,77.0,77.25,76.85,76.89,204654.0,77.024,1487
2024-03-27,77.24,78.1,77.08,78.1,185979.0,77.759,1254
2024-03-28,78.15,78.55,78.11,78.29,260327.0,78.339,1403
2024-04-01,78.16,78.19,77.33,77.48,206852.0,77.569,1351
2024-04-02,77.53,78.04,76.96,77.07,230645.0,77.255,1641
2024-04-03,76.93,77.59,76.66,77.21,213967.0,77.263,1566
2024-04-04,77.64,77.81,76.05,76.36,234792.0,76.776,1715
2024-04-05,76.6,76.83,76.28,76.66,172401.0,76.595,1147
2024-04-08,76.73,76.8,76.01,76.06,317150.0,76.454,2472
2024-04-09,76.28,76.53,74.74,75.19,294396.0,75.149,2158
2024-04-10,74.77,75.26,74.66,74.82,250996.0,74.903,1730
2024-04-11,74.57,74.59,73.64,73.81,306190.0,74.036,2305
2024-04-12,73.74,74.47,73.5,73.9,322710.0,73.828,2337
2024-04-15,74.81,74.95,73.3,73.44,292091.0,73.799,2097
2024-04-16,73.66,73.75,73.17,73.32,267235.0,73.409,1928
2024-04-17,73.02,73.67,72.91,73.14,333361.0,73.296,2478
2024-04-18,73.44,74.27,73.44,73.84,278492.0,73.905,1911
2024-04-19,74.25,75.69,74.11,75.64,288596.0,75.161,1919
2024-04-22,75.76,76.91,75.55,76.48,304859.0,76.4,2245
2024-04-23,76.64,76.86,76.28,76.72,227183.0,76.612,1784
2024-04-24,76.2,76.84,75.92,76.81,184232.0,76.496,1362
2024-04-25,76.84,77.07,76.13,76.41,227313.0,76.465,1721
2024-04-26,76.01,76.02,75.42,75.46,140703.0,75.587,1119
2024-04-29,75.46,75.91,75.41,75.82,233894.0,75.746,1589
2024-04-30,75.68,75.68,75.1,75.15,170732.0,75.307,1366
2024-05-01,75.23,76.8,75.23,76.28,300642.0,76.236,2146
2024-05-02,76.67,76.79,76.11,76.53,181798.0,76.52,1427
2024-05-03,76.38,76.54,75.44,76.4,203780.0,76.205,1577
2024-05-06,77.54,78.23,76.58,77.74,345586.0,77.626,2479
2024-05-07,77.96,78.1,77.7,77.81,264093.0,77.893,2014
2024-05-08,77.91,78.14,77.23,77.31,290215.0,77.473,2094
2024-05-09,77.13,77.74,76.96,77.7,302989.0,77.443,2039
2024-05-10,77.79,78.17,77.53,77.98,308695.0,77.947,2092
2024-05-13,77.91,78.1,77.28,77.34,218270.0,77.642,1604
2024-05-14,77.41,77.6,76.75,77.34,261420.0,77.225,1812
2024-05-15,77.25,77.48,76.45,76.62,237177.0,76.788,1666
2024-05-16,77.39,77.49,76.88,77.2,269858.0,77.174,1912
2024-05-17,77.61,77.8,77.32,77.74,333375.0,77.619,2121
2024-05-20,77.89,77.89,76.09,76.13,233599.0,76.564,1580
2024-05-21,76.31,76.62,76.03,76.21,176037.0,76.233,1149
2024-05-22,76.01,76.17,75.66,75.89,167342.0,75.934,1206
2024-05-23,75.78,75.78,74.03,74.16,262559.0,74.557,1904
2024-05-24,74.22,74.78,74.22,74.75,190950.0,74.545,1302
2024-05-28,74.65,75.02,73.96,74.02,239277.0,74.214,1697
2024-05-29,73.63,74.3,73.21,74.11,383103.0,73.917,2014
2024-05-30,74.09,75.38,74.06,75.32,231686.0,75.025,1520
2024-05-31,75.14,76.93,75.02,76.8,473049.0,76.401,2853
2024-06-03,76.59,76.77,75.47,75.87,222008.0,75.902,1595
2024-06-04,75.66,76.07,75.1,75.55,179820.0,75.538,1300
2024-06-05,75.59,75.67,74.61,74.92,229018.0,74.964,1697
2024-06-06,75.0,75.26,74.34,75.0,413087.0,74.869,2205
2024-06-07,75.1,75.69,74.74,75.25,291128.0,75.401,1467
2024-06-10,75.0,75.6,74.72,75.34,321896.0,75.319,2027
2024-06-11,75.14,75.14,74.09,74.17,437170.0,74.447,2447
2024-06-12,74.44,74.98,73.8,74.66,421367.0,74.687,2552
2024-06-13,74.41,74.72,73.6,74.17,272717.0,73.92,1700
2024-06-14,73.78,74.13,73.46,73.79,267448.0,73.729,1703
2024-06-17,73.88,75.27,73.88,75.21,309945.0,74.95,2140
2024-06-18,75.16,76.27,75.16,76.2,238755.0,76.011,1754
2024-06-20,76.24,76.86,76.17,76.45,338640.0,76.532,2111
2024-06-21,76.53,76.87,75.93,76.56,441105.0,76.516,2054
2024-06-24,76.67,77.99,76.47,77.33,221731.0,77.452,1510
2024-06-25,77.4,77.46,76.13,76.14,166617.0,76.445,1143
2024-06-26,75.83,75.96,74.6,74.84,232865.0,74.962,1727
2024-06-27,74.78,75.28,74.67,75.26,172409.0,75.042,1208
2024-06-28,75.24,75.82,74.42,74.74,219022.0,74.797,1568
2024-07-01,75.15,75.54,74.55,74.73,174155.0,74.789,1228
2024-07-02,74.3,75.01,74.13,74.94,268175.0,74.725,1560
2024-07-03,75.2,75.43,74.31,74.4,174188.0,74.617,1112
2024-07-05,74.3,74.34,73.15,73.76,301647.0,73.605,2017
2024-07-08,74.15,74.93,74.14,74.41,239290.0,74.523,1553
2024-07-09,74.31,75.32,73.85,74.66,256690.0,74.714,1705
2024-07-10,74.7,75.68,74.67,75.65,171507.0,75.348,1242
2024-07-11,75.7,77.0,75.68,76.62,175517.0,76.506,1313
2024-07-12,76.78,77.41,76.36,76.92,186384.0,77.036,1249
2024-07-15,77.17,77.91,77.17,77.42,132622.0,77.513,1005
2024-07-16,77.49,78.43,77.37,78.35,136000.0,78.181,1022
2024-07-17,78.72,79.89,78.48,79.62,182319.0,79.568,1383
2024-07-18,79.41,81.11,78.98,79.79,137710.0,80.179,1085
2024-07-19,79.68,79.68,77.68,78.06,239602.0,78.4,1524
2024-07-22,77.97,78.56,77.51,78.08,122247.0,78.127,891
2024-07-23,78.18,78.59,78.09,78.35,155697.0,78.336,1105
2024-07-24,78.5,78.6,77.82,77.92,217579.0,78.148,1553
2024-07-25,78.26,79.69,77.9,78.31,164411.0,78.644,1313
2024-07-26,78.81,80.34,78.77,80.09,258939.0,80.038,1775
2024-07-29,82.5,83.54,78.34,78.86,352830.0,79.133,2485
2024-07-30,79.28,81.06,79.0,80.48,351877.0,80.594,2115
2024-07-31,80.27,80.67,79.57,79.95,218581.0,80.188,1712
2024-08-01,80.39,80.46,78.7,79.2,172680.0,79.132,1220
2024-08-02,78.77,79.51,77.61,78.69,199545.0,78.38,1469
2024-08-05,78.11,78.5,75.46,76.0,520238.0,76.213,3357
2024-08-06,76.13,77.45,76.07,76.4,264523.0,76.852,1830
2024-08-07,76.88,77.57,76.21,76.27,273884.0,76.765,1784
2024-08-08,76.28,77.55,76.28,77.44,230987.0,77.235,1674
2024-08-09,77.45,78.01,76.89,77.88,181063.0,77.674,1350
2024-08-12,78.11,78.11,76.82,76.93,158539.0,77.161,953
2024-08-13,77.34,77.34,76.32,77.06,173221.0,76.846,1120
2024-08-14,77.22,77.74,77.17,77.66,146347.0,77.504,1046
2024-08-15,78.21,78.62,77.85,78.37,115262.0,78.36,854
2024-08-16,78.49,79.04,78.24,78.97,185662.0,78.768,1090
2024-08-19,78.95,79.73,78.95,79.37,160589.0,79.34,1153
2024-08-20,79.26,79.29,78.78,78.91,121138.0,78.964,928
2024-08-21,79.15,79.15,78.41,79.08,172948.0,78.846,1185
2024-08-22,79.04,79.55,78.9,79.43,97409.0,79.31,716
2024-08-23,79.85,80.62,79.6,80.35,120869.0,80.199,857
2024-08-26,80.58,81.51,80.29,80.45,108479.0,80.63,797
2024-08-27,80.62,81.03,80.33,80.67,119446.0,80.654,823
2024-08-28,80.79,81.81,80.66,81.29,192967.0,81.251,1080
2024-08-29,81.45,81.92,80.53,81.68,234572.0,81.586,1267
2024-08-30,81.8,82.1,81.44,81.94,311938.0,81.884,2074
2024-09-03,81.46,82.34,81.36,81.82,371841.0,81.82,2624
2024-09-04,82.38,82.63,81.47,81.96,295980.0,82.042,2029
2024-09-05,82.33,82.33,80.43,80.9,294845.0,80.853,2244
2024-09-06,80.62,81.1,79.35,79.39,293565.0,79.806,2238
2024-09-09,79.88,81.25,79.7,80.48,269558.0,80.696,1996
2024-09-10,80.7,80.87,79.27,79.46,287403.0,79.593,2213
2024-09-11,79.22,79.32,76.96,77.72,301597.0,77.622,2245
2024-09-12,77.7,78.18,77.2,78.07,248933.0,77.895,1978
2024-09-13,78.37,78.94,78.11,78.34,219210.0,78.489,1674
2024-09-16,78.96,79.44,78.55,78.84,191247.0,78.901,1379
2024-09-17,78.85,79.7,78.68,79.29,164404.0,79.236,1227
2024-09-18,79.33,79.82,79.02,79.2,153654.0,79.286,1061
2024-09-19,79.75,79.89,78.8,79.25,231007.0,79.294,1791
2024-09-20,78.9,79.09,78.26,78.54,361928.0,78.724,1723
2024-09-23,78.61,78.94,78.34,78.67,136014.0,78.603,988
2024-09-24,78.56,78.74,77.76,78.16,252449.0,78.263,1568
2024-09-25,78.48,78.66,77.96,78.06,229190.0,78.142,1491
2024-09-26,78.01,78.92,77.79,78.69,257770.0,78.535,1600
2024-09-27,78.84,79.3,78.61,78.9,242899.0,78.97,1619
2024-09-30,78.97,79.21,78.0,79.05,251459.0,78.792,1591
2024-10-01,78.98,79.84,78.85,79.3,658694.0,79.361,2293
2024-10-02,79.44,79.75,78.5,78.62,346238.0,78.833,2180
2024-10-03,78.52,78.81,77.96,78.15,244693.0,78.269,1692
2024-10-04,78.42,79.4,78.42,79.28,245615.0,79.025,1782
2024-10-07,78.89,78.89,76.34,76.49,308205.0,76.917,1805
2024-10-08,76.83,77.61,76.83,77.31,319625.0,77.286,2057
2024-10-09,77.1,78.52,76.94,78.25,256924.0,78.072,1706
2024-10-10,78.97,79.24,77.86,78.21,243861.0,78.152,1662
2024-10-11,78.62,79.81,78.62,79.35,244390.0,79.362,1660
2024-10-14,79.35,80.49,79.01,80.34,202241.0,80.074,1403
2024-10-15,80.77,81.66,80.24,80.33,266016.0,80.786,1961
2024-10-16,80.29,81.27,80.29,80.59,364138.0,80.751,2358
2024-10-17,81.0,81.77,81.0,81.72,118012.0,81.457,892
2024-10-18,81.94,82.12,80.99,81.82,220035.0,81.759,1246
2024-10-21,81.66,82.01,80.96,81.07,165758.0,81.14,1200
2024-10-22,80.9,81.18,79.68,80.81,168105.0,80.583,1235
2024-10-23,80.6,81.06,80.27,80.94,202108.0,80.795,1362
2024-10-24,81.21,81.27,80.73,81.09,158931.0,81.028,1049
2024-10-25,81.48,81.54,79.47,79.57,231072.0,79.908,1523
2024-10-28,80.0,80.96,80.0,80.62,198335.0,80.695,1367
2024-10-29,80.39,80.84,79.73,79.76,247629.0,80.146,1623
2024-10-30,80.08,81.11,80.02,80.36,337431.0,80.401,2166
2024-10-31,80.4,80.67,78.92,78.96,233110.0,79.713,1733
2024-11-01,78.98,80.08,78.92,79.27,273911.0,79.465,1712
2024-11-04,79.12,79.21,75.16,76.51,512160.0,76.332,3067
2024-11-05,76.73,78.41,76.33,78.39,400708.0,77.672,2337
2024-11-06,82.55,83.33,81.96,82.76,538090.0,82.583,3602
2024-11-07,82.81,82.81,81.82,82.08,254686.0,82.222,1603
2024-11-08,82.48,83.5,82.21,83.11,208002.0,83.187,1481
2024-11-11,83.63,84.56,83.06,83.21,226588.0,83.578,1441
2024-11-12,83.12,83.67,82.86,82.97,280948.0,83.161,1916
2024-11-13,82.94,83.59,82.49,83.21,257786.0,83.278,1777
2024-11-14,82.98,83.4,82.58,82.8,251027.0,82.861,1790
2024-11-15,83.01,83.89,82.74,83.67,289287.0,83.373,1960
2024-11-18,83.63,84.59,83.33,84.41,218180.0,84.193,1641
2024-11-19,83.31,84.19,83.22,84.12,260548.0,83.923,1701
2024-11-20,83.95,84.68,83.79,84.49,216045.0,84.261,1391
2024-11-21,84.7,85.36,84.22,85.17,330155.0,84.946,1962
2024-11-22,85.24,86.27,85.24,86.07,291175.0,85.963,1734
2024-11-25,86.3,86.9,85.75,85.83,268478.0,86.166,1759
2024-11-26,85.9,86.76,85.51,86.61,231960.0,86.357,1470
2024-11-27,86.96,87.45,86.47,87.05,173257.0,87.059,1240
2024-11-29,87.3,87.42,86.61,86.73,107013.0,86.873,761
2024-12-02,86.79,86.83,85.74,86.16,184469.0,86.31,1319
2024-12-03,86.4,86.47,85.51,85.98,357033.0,86.169,1783
2024-12-04,85.79,86.26,85.19,85.85,328822.0,85.723,2385
2024-12-05,86.12,86.66,85.67,85.94,178142.0,86.139,1370
2024-12-06,85.93,86.25,85.66,86.08,260557.0,85.983,1637
2024-12-09,85.89,86.07,84.92,85.0,267027.0,85.505,2018
2024-12-10,85.1,85.1,83.2,83.96,237541.0,84.211,1808
2024-12-11,84.23,84.99,83.86,84.75,311768.0,84.486,2091
2024-12-12,85.15,85.41,83.92,83.95,315373.0,84.438,2312
2024-12-13,84.43,85.29,84.03,84.18,331072.0,84.527,2272
2024-12-16,83.98,84.93,83.7,84.03,279336.0,84.503,1852
2024-12-17,83.5,84.12,83.2,83.64,288191.0,83.595,1884
2024-12-18,83.29,84.25,81.44,81.5,490696.0,83.068,3463
2024-12-19,81.88,82.57,80.77,81.66,433529.0,81.937,2910
2024-12-20,81.5,83.93,81.21,83.19,699366.0,83.003,4109
2024-12-23,82.58,83.45,82.42,83.37,292094.0,83.021,1907
2024-12-24,83.32,84.91,83.23,84.8,237532.0,84.338,1515
2024-12-26,84.66,85.4,84.5,85.26,149897.0,85.027,1022
2024-12-27,84.67,85.6,84.31,84.68,226321.0,84.778,1481
2024-12-30,84.06,84.95,83.6,84.39,360552.0,84.517,2470
2024-12-31,84.76,85.09,84.33,84.69,384690.0,84.6,2613
2025-01-02,85.08,85.31,83.86,84.16,411098.0,84.437,2513
2025-01-03,84.61,84.81,83.89,84.35,314539.0,84.417,2216
2025-01-06,84.33,84.57,82.27,82.37,442053.0,83.279,2937
2025-01-07,82.6,83.75,82.15,82.95,338860.0,83.023,2357
2025-01-08,83.1,83.74,82.4,83.53,338276.0,83.315,2202
2025-01-10,82.42,82.88,80.79,81.13,412788.0,81.515,2680
2025-01-13,80.72,82.22,80.51,82.08,402247.0,81.832,2858
2025-01-14,82.3,83.55,81.86,83.43,291079.0,83.013,2067
2025-01-15,84.67,84.96,84.21,84.8,350263.0,84.664,2454
2025-01-16,84.94,86.29,84.73,86.08,194177.0,85.741,1297
2025-01-17,86.35,86.7,86.02,86.25,272131.0,86.397,1391
2025-01-21,86.38,87.36,86.22,86.29,301741.0,86.732,1273
2025-01-22,86.38,86.42,84.17,84.48,284959.0,84.905,1845
2025-01-23,84.42,84.9,83.85,83.93,339909.0,84.228,2400
2025-01-24,83.88,84.94,83.88,84.88,222987.0,84.625,1651
2025-01-27,85.62,86.54,85.22,86.39,257469.0,86.011,2045
2025-01-28,86.42,86.93,85.55,85.75,192839.0,85.996,1397
2025-01-29,85.36,86.96,85.36,86.02,173011.0,86.386,1341
2025-01-30,86.57,86.69,85.59,86.18,188590.0,86.329,1397
2025-01-31,85.78,86.41,85.18,85.45,225170.0,85.588,1657
2025-02-03,84.44,85.58,83.39,85.33,263539.0,85.006,1877
2025-02-04,85.49,86.52,85.36,85.74,213205.0,86.092,1629
2025-02-05,86.36,86.45,85.51,86.28,169715.0,86.145,1284
2025-02-06,86.89,87.26,85.89,86.81,294492.0,86.63,2283
2025-02-07,86.72,87.02,86.1,86.77,279367.0,86.682,2186
2025-02-10,85.89,88.29,85.16,85.94,331588.0,86.6,2304
2025-02-11,85.64,85.64,84.07,84.85,295682.0,84.939,2156
2025-02-12,84.28,84.46,82.65,83.0,484902.0,83.361,3822
2025-02-13,83.07,84.23,82.72,84.12,620258.0,83.37,1365
2025-02-14,84.06,84.83,82.87,83.01,338324.0,83.506,2340
2025-02-18,83.23,83.93,82.57,83.44,893764.0,83.283,1825
2025-02-19,82.77,83.84,82.59,83.25,335621.0,83.119,2397
2025-02-20,82.87,83.33,81.95,82.98,332826.0,82.719,2547
2025-02-21,82.99,83.39,82.17,82.76,413052.0,82.83,2977
2025-02-24,83.16,84.83,83.16,84.38,243811.0,84.287,1772
2025-02-25,85.01,85.27,84.36,84.99,329316.0,84.946,2446
2025-02-26,85.0,85.42,83.92,84.2,232549.0,84.482,1717
2025-02-27,84.38,85.99,84.38,85.79,168034.0,85.54,1167
2025-02-28,86.36,86.79,85.45,86.67,296130.0,86.236,2035
2025-03-03,86.89,88.0,86.42,87.15,313801.0,87.108,2054
2025-03-04,86.92,87.31,84.99,85.07,319709.0,85.641,2117
2025-03-05,84.97,85.98,84.43,85.34,288029.0,85.215,2174
2025-03-06,84.92,85.34,83.82,84.88,348203.0,84.771,2520
2025-03-07,84.86,85.8,84.56,85.34,271749.0,85.154,2022
2025-03-10,84.86,85.96,84.44,84.94,414257.0,85.009,2779
2025-03-11,84.8,85.16,84.05,84.53,356010.0,84.586,2395
2025-03-12,84.31,84.84,83.21,83.99,288609.0,84.059,1899
2025-03-13,84.22,85.35,84.22,84.75,357107.0,84.822,2101
2025-03-14,84.95,86.63,84.76,86.42,267502.0,85.939,1827
2025-03-17,86.04,87.73,86.04,87.42,177310.0,87.27,1193
2025-03-18,87.59,87.78,86.69,86.94,215917.0,87.042,1582
2025-03-19,87.06,88.03,86.6,87.8,264080.0,87.446,1832
2025-03-20,87.43,88.62,87.39,88.18,307409.0,88.16,2033
2025-03-21,87.75,88.66,86.91,87.25,589911.0,87.546,3135
2025-03-24,87.91,88.55,87.23,88.51,206645.0,88.123,1511
2025-03-25,88.75,89.67,88.32,89.19,241501.0,89.035,1590
2025-03-26,89.74,90.89,89.59,90.51,197734.0,90.55,1344
2025-03-27,90.82,91.75,89.94,91.4,181276.0,91.231,1292
2025-03-28,91.78,92.13,90.27,90.64,178471.0,90.727,1236
2025-03-31,90.54,92.35,90.25,91.91,252937.0,91.58,1843
2025-04-01,91.82,92.42,91.03,92.09,263300.0,91.891,1740
2025-04-02,91.28,92.3,91.0,92.03,258162.0,91.763,1908
2025-04-03,90.52,91.99,90.32,91.11,255324.0,91.37,1689
2025-04-04,89.15,89.31,82.74,83.12,508070.0,84.448,3550
2025-04-07,81.56,83.78,78.98,80.89,892097.0,81.108,6033
2025-04-08,83.66,84.87,80.17,81.45,644022.0,82.137,5151
2025-04-09,80.09,86.88,80.0,86.33,570150.0,83.605,4562
2025-04-10,85.54,86.54,82.93,84.37,332862.0,84.509,2503
2025-04-11,84.47,85.16,83.48,84.68,753646.0,84.34,5240
2025-04-14,85.82,87.25,85.38,86.32,229111.0,86.539,1594
2025-04-15,86.77,87.22,86.1,86.13,127889.0,86.558,943
2025-04-16,86.79,86.79,84.64,85.2,260002.0,85.666,1927
2025-04-17,85.18,86.26,85.09,85.32,212347.0,85.563,1325
2025-04-21,85.1,85.11,82.48,83.34,301933.0,83.17,1825
2025-04-22,84.54,86.17,84.12,85.71,135292.0,85.418,854
2025-04-23,86.28,86.79,85.53,86.14,151053.0,86.049,1105
2025-04-24,85.66,86.71,85.35,86.24,168546.0,86.227,1255
2025-04-25,85.83,85.83,84.67,85.27,124622.0,85.198,933
2025-04-28,85.35,86.52,85.35,85.96,165832.0,85.84,1237
2025-04-29,85.51,86.76,85.32,86.64,106676.0,86.233,816
2025-04-30,86.4,87.03,84.89,86.83,451206.0,85.889,1363
2025-05-01,86.09,86.94,85.09,86.31,184605.0,86.561,1399
2025-05-02,87.33,88.33,86.97,88.11,198299.0,87.818,1295
2025-05-05,85.56,87.5,85.1,86.56,270102.0,86.906,2113
2025-05-06,86.23,86.92,85.7,86.78,354800.0,86.625,2366
2025-05-07,86.83,88.47,86.58,87.83,274056.0,87.925,2010
2025-05-08,88.03,89.39,87.8,87.97,324492.0,88.59,2442
2025-05-09,88.19,88.67,87.48,88.4,207327.0,88.324,1604
2025-05-12,88.88,89.81,87.22,89.27,238357.0,88.739,1742
2025-05-13,89.4,89.5,88.57,88.59,156330.0,88.94,1073
2025-05-14,88.44,88.44,87.08,87.37,305031.0,87.543,2296
2025-05-15,87.51,88.9,87.46,88.81,182008.0,88.484,1423
2025-05-16,88.74,89.48,88.4,89.39,196208.0,89.105,1145
2025-05-19,89.29,89.76,88.97,89.42,128538.0,89.406,864
2025-05-20,89.03,89.44,88.82,88.93,121575.0,89.049,929
2025-05-21,88.33,88.55,87.58,87.73,256221.0,87.908,1847
2025-05-22,87.7,88.03,86.83,87.59,282626.0,87.557,2195
2025-05-23,87.09,88.2,86.82,87.88,357260.0,87.815,2694
2025-05-27,88.5,89.13,87.89,89.07,245983.0,88.675,1880
2025-05-28,88.8,89.05,87.98,88.1,401170.0,88.379,3061
2025-05-29,88.01,88.76,88.01,88.71,233092.0,88.44,1721
2025-05-30,88.57,89.46,88.09,89.29,310937.0,88.977,2031
2025-06-02,88.74,89.7,88.19,89.67,255472.0,89.234,1649
2025-06-03,89.26,89.79,87.86,89.62,265200.0,89.371,1553
2025-06-04,89.6,89.77,88.13,88.21,418879.0,88.453,2449
2025-06-05,88.11,88.77,87.73,88.61,286947.0,88.27,2046
2025-06-06,89.37,89.53,88.49,89.14,150449.0,89.074,932
2025-06-09,89.15,89.58,86.77,88.36,498262.0,88.181,2842
2025-06-10,87.95,88.71,87.64,88.15,434986.0,88.287,2776
2025-06-11,87.96,88.92,87.68,88.55,369569.0,88.481,2782
2025-06-12,88.18,89.29,88.16,89.18,238721.0,88.924,1636
2025-06-13,88.91,89.08,88.2,88.66,327423.0,88.606,2198
2025-06-16,89.05,89.48,88.44,88.6,325847.0,88.937,2073
2025-06-17,88.13,88.77,87.83,88.27,541056.0,88.268,4246
2025-06-18,88.27,88.94,88.11,88.33,530522.0,88.468,4034
2025-06-20,88.61,89.38,88.36,89.16,492982.0,88.792,2524
2025-06-23,89.26,90.72,88.77,90.67,405763.0,89.975,2979
2025-06-24,90.8,90.9,89.83,89.98,300844.0,90.232,2205
2025-06-25,89.74,89.74,88.76,88.9,272172.0,89.184,2003
2025-06-26,89.35,90.14,89.2,90.04,337003.0,89.814,2586
2025-06-27,89.89,90.76,89.46,90.4,317568.0,90.331,2548
2025-06-30,90.37,91.89,90.2,91.66,436072.0,91.386,3213
2025-07-01,91.48,92.49,91.23,92.32,390858.0,92.143,2884
2025-07-02,92.14,92.2,89.42,91.34,397254.0,90.727,2955
2025-07-03,91.37,92.6,91.37,92.39,146027.0,92.295,1030
2025-07-07,92.17,92.85,91.12,91.45,443348.0,91.684,3222
2025-07-08,91.02,92.29,90.95,91.67,368718.0,91.695,2701
2025-07-09,91.9,91.9,90.85,90.97,463885.0,91.206,3638
2025-07-10,90.35,90.87,89.92,90.5,499770.0,90.51,4020
